0.8503750241491058
0.16098200278878128
0.10555954465005715
0.09285877859695985
0.08862487465246677
0.08666537457036774
0.08550416769934348
0.08470729305065988
0.08411563124800274
0.08365636527253516
0.08328945741496585
0.08298991822207907
0.08274087196028317
0.08253036510009501
0.082349675543691
0.08219231412844731
0.08205338724015607
0.08192916741562274
0.08181679311283341
0.08171405326545943
0.08161922977218132
0.08153098074869236
0.08144825308354132
0.08137021640201098
0.0812962128636623
0.08122571878456825
0.08115831515953029
0.08109366492641668
0.08103149536603851
0.08097158443243853
0.08091375010389122
0.08085784206416949
0.08080373518754007
0.08075132442422452
0.08070052077630306
0.08065124812486593
0.08060344072328543
0.08055704121289191
0.08051199904918885
0.08046826925130128
0.08042581140637009
0.08038458887535786
0.08034456815820841
0.080305718385267
0.08026801090886562
0.08023141897447197
0.0801959174551055
0.08016148263612184
0.08012809204013228
0.0800957242839425
0.08006435896105597
0.08003397654461429
0.08000455830668876
0.07997608625067297
0.07994854305418164
0.07992191202038935
0.07989617703616084
0.07987132253565248
0.07984733346833434
0.0798241952705935
0.07980189384024429
0.07978041551340623
0.0797597470433228
0.07973987558077118
0.07972078865578974
0.0797024741604964
0.07968492033282261
0.07966811574101539
0.07965204926878959
0.07963671010103808
0.07962208771001744
0.07960817184194874
0.07959495250397655
0.0795824199514463
0.07957056467545506
0.07955937739065129
0.07954884902324966
0.07953897069923897
0.07952973373276016
0.07952112961463467
0.07951315000102431
0.07950578670220677
0.07949903167144885
0.07949287699396314
0.07948731487593245
0.07948233763359001
0.0794779376823371
0.07947410752588854
0.07947083974542966
0.07946812698877422
0.07946596195950613
0.07946433740609547
0.07946324611097326
0.07946268087955383
0.07946263452919015
0.0794630998780503
0.0794640697339022
0.07946553688279358
0.07946749407761378
0.07946993402652683
0.07947284938126076
0.07947623272524258
0.07948007656156582
0.07948437330077827
0.07948911524847867
0.07949429459270815
0.07949990339112888
0.07950593355797327
0.07951237685075609
0.0795192248567368
0.07952646897912227
0.0795341004229961
0.07954211018097015
0.07955048901854195
0.07955922745915271
0.07956831576893633
0.07957774394114789
0.07958750168026767
0.07959757838577096
0.07960796313555604
0.07961864466902618
0.07962961136981958
0.07964085124818061
0.07965235192297292
0.07966410060332715
0.07967608406992482
0.07968828865591526
0.07970070022746985
0.07971330416396968
0.07972608533783762
0.07973902809401216
0.07975211622907522
0.0797653329700375
0.07977866095279658
0.07979208220027373
0.07980557810024877
0.07981912938290588
0.07983271609811059
0.07984631759243746
0.079859912485974
0.07987347864892548
0.07988699317805079
0.07990043237296078
0.07991377171231524
0.0799269858299559
0.07994004849101978
0.0799529325680751
0.07996561001733216
0.0799780518549801
0.07999022813370811
0.08000210791947045
0.08001365926856144
0.08002484920507007
0.08003564369878721
0.08004600764364339
0.08005590483675987
0.08006529795820075
0.08007414855151625
0.08008241700517328
0.08009006253497482
0.08009704316757067
0.0801033157251715
0.08010883581157503
0.08011355779962676
0.08011743482023156
0.08012041875304317
0.08012246021895943
0.0801235085745528
0.08012351190857077
0.08012241704064263
0.08012016952232741
0.08011671364064696
0.0801119924242377
0.08010594765226678
0.08009851986624711
0.08008964838489556
0.0800792713221624
0.08006732560857407
0.08005374701601478
0.08003847018607188
0.08002142866206954
0.08000255492489924
0.07998178043275887
0.07995903566489451
0.0799342501694357
0.07990735261540168
0.07987827084894626
0.07984693195389302
0.07981326231660334
0.07977718769520067
0.07973863329316154
0.07969752383726561
0.07965378365987882
0.07960733678552707
0.079558107021695
0.07950601805376795
0.07945099354401192
0.079392957234465
0.07933183305359298
0.07926754522654018
0.07920001838878207
0.07912917770296689
0.07905494897870974
0.07897725879508109
0.07889603462551374
0.07881120496482527
0.07872269945804172
0.07863044903068372
0.07853438602016347
0.07843444430792086
0.07833055945191958
0.07822266881910593
0.07811071171742562
0.0779946295269866
0.07787436582994928
0.07774986653872024
0.07762108002203066
0.07748795722847339
0.07735045180708572
0.07720852022456481
0.07706212187871748
0.07691121920775414
0.07675577779505255
0.07659576646903533
0.07643115739782168
0.0762619261783397
0.07608805191960137
0.07590951731987874
0.07572630873753478
0.07553841625530022
0.07534583373781188
0.07514855888225967
0.07494659326202
0.07473994236318615
0.07452861561393422
0.07431262640669604
0.07409199211314052
0.07386673409199394
0.07363687768975542
0.07340245223439652
0.07316349102214961
0.07292003129752186
0.07267211422668553
0.07241978486441705
0.07216309211477316
0.07190208868570395
0.07163683103781435
0.07136737932749483
0.07109379734464501
0.07081615244521622
0.07053451547880296
0.07024896071150417
0.0699595657442751
0.06966641142698186
0.0693695817683592
0.0690691638420644
0.06876524768900315
0.06845792621609499
0.06814729509162298
0.06783345263730453
0.0675164997171996
0.06719653962355598
0.06687367795968072
0.06654802251990423
0.06621968316669774
0.06588877170498678
0.06555540175369397
0.0652196886145374
0.06488174913810162
0.06454170158719766
0.06419966549752382
0.06385576153564361
0.06351011135430146
0.06316283744510419
0.06281406298860719
0.06246391170186356
0.06211250768350451
0.061759975256448864
0.06140643880835738
0.061052022629978324
0.06069685075155951
0.060341046777532534
0.059984733719711476
0.05962803382928189
0.059271068427892176
0.058913957738200164
0.058556820714259564
0.058199774872174835
0.05784293612148197
0.057486418597755065
0.05713033449696507
0.05677479391215066
0.05641990467298814
0.056065772188869024
0.05571249929611594
0.05536018610998076
0.05500892988207709
0.05465882486390999
0.05430996217715561
0.05396242969134693
0.053616311909599514
0.05327168986300066
0.05292864101425442
0.052587239171150046
0.05224755441037964
0.051909653012194246
0.05157359740633783
0.05123944612964816
0.05090725379566026
0.050577071076482294
0.05024894469716082
0.049922917442678814
