1.876790691319555
0.28498154106396556
0.15841057833145814
0.12423817025299567
0.10855187865115994
0.09928839587125407
0.09315755723119389
0.08886131732068231
0.08574633187345089
0.08343440968491563
0.08168831031665753
0.08035135314984865
0.07931617393451557
0.07850708578122685
0.07786951428718196
0.07736338154835057
0.07695881085197111
0.07663325240307664
0.07636950994044019
0.07615435586975787
0.07597754099769885
0.07583107490865769
0.07570869566698711
0.07560547426650109
0.07551751644868097
0.07544173582888451
0.07537567986971357
0.07531739543703801
0.07526532428515258
0.07521822136378777
0.07517509065913915
0.07513513459704811
0.07509771399896481
0.07506231629256671
0.07502853020950405
0.07499602560208224
0.0749645373136664
0.07493385226919912
0.07490379913046258
0.07487423999875843
0.07484506375517704
0.07481618071277947
0.07478751832118082
0.07475901771626167
0.07473063094912617
0.0747023187613227
0.07467404879956563
0.07464579418414515
0.07461753236198226
0.07458924418874321
0.0745609131952257
0.07453252500192582
0.07450406685268676
0.07447552724397158
0.07444689563084775
0.07441816219443932
0.07438931765856203
0.07436035314565251
0.07433126006402481
0.07430203002005079
0.07427265475012047
0.07424312606824887
0.0742134358260193
0.07418357588221218
0.07415353808000401
0.0741233142300447
0.07409289609807246
0.07406227539600009
0.07403144377563023
0.07400039282433747
0.07396911406219321
0.07393759894013326
0.0739058388388484
0.07387382506815982
0.07384154886669375
0.0738090014017192
0.07377617376904286
0.07374305699289221
0.07370964202573117
0.07367591974797706
0.07364188096759416
0.07360751641955614
0.07357281676517274
0.07353777259128216
0.07350237440931702
0.07346661265425421
0.07343047768345819
0.07339395977543349
0.0733570491284989
0.07331973585939912
0.07328201000186722
0.07324386150515444
0.07320528023254183
0.07316625595984629
0.07312677837393718
0.07308683707127528
0.07304642155649071
0.07300552124100777
0.07296412544173433
0.07292222337982501
0.07287980417953095
0.07283685686714865
0.07279337037007824
0.072749333516004
0.07270473503220765
0.0726595635450248
0.07261380757945846
0.07256745555895665
0.07252049580537
0.07247291653909604
0.07242470587942425
0.07237585184509314
0.0723263423550686
0.07227616522955752
0.07222530819126696
0.07217375886692184
0.07212150478905033
0.07206853339805361
0.07201483204456736
0.07196038799213092
0.07190518842017501
0.07184922042734043
0.0717924710351412
0.07173492719198461
0.07167657577756079
0.07161740360761526
0.07155739743911632
0.07149654397583084
0.07143482987432098
0.07137224175037482
0.07130876618588171
0.07124438973616738
0.07117909893779702
0.07111288031686193
0.07104572039775643
0.0709776057124595
0.07090852281032937
0.07083845826841965
0.07076739870232666
0.0706953307775759
0.07062224122155364
0.07054811683598916
0.0704729445099928
0.07039671123365246
0.0703194041121911
0.07024101038068377
0.07016151741933517
0.0700809127693115
0.06999918414912486
0.06991631947155894
0.06983230686113034
0.06974713467207062
0.06966079150681596
0.06957326623498804
0.06948454801284436
0.06939462630317614
0.06930349089563
0.06921113192741907
0.06911753990439731
0.06902270572245643
0.06892662068920827
0.06882927654590963
0.06873066548958073
0.0686307801952706
0.0685296138384097
0.06842716011719724
0.06832341327495611
0.06821836812239243
0.06811202005968933
0.06800436509836043
0.06789539988278644
0.06778512171135398
0.06767352855711341
0.06756061908786658
0.0674463926855955
0.06733084946513877
0.06721399029202076
0.0670958167993355
0.06697633140358766
0.06685553731938854
0.0667334385729098
0.06661004001399003
0.06648534732679635
0.06635936703894085
0.06623210652895362
0.06610357403201683
0.06597377864386779
0.06584273032278092
0.0657104398895459
0.0655769190253601
0.06544218026756483
0.06530623700315819
0.06516910346002322
0.06503079469582546
0.06489132658453352
0.06475071580053633
0.06460897980033099
0.06446613680177654
0.06432220576091227
0.0641772063463576
0.06403115891132029
0.06388408446325489
0.06373600463122553
0.06358694163104303
0.06343691822825846
0.06328595769911123
0.0631340837895422
0.06298132067239928
0.06282769290297048
0.06267322537300163
0.06251794326335947
0.06236187199551829
0.062205037182058116
0.062047464576372245
0.0618891800217904
0.06173020940033258
0.06157057858131629
0.06141031337004135
0.061249439456785466
0.06108798236634031
0.060925967408323435
0.06076341962849703
0.06060036376132314
0.06043682418397946
0.060272824872055035
0.06010838935713635
0.0599435406864849
0.05977830138499616
0.059612693419618265
0.05944673816639174
0.05928045638026186
0.05911386816779138
0.058946992962889216
0.05877984950565083
0.05861245582438475
0.058444829220881546
0.05827698625896186
0.058108942756316416
0.05794071377963344
0.05777231364298588
0.057603755909432695
0.05743505339576522
0.0572662181803142
0.05709726161371173
0.056928194332484736
0.056759026275342114
0.05658976670199897
0.05642042421437193
0.05625100677996052
0.05608152175722324
0.05591197592274637
0.05574237549999319
0.055572726189416284
0.05540303319971089
0.05523330127998373
0.055063534752609486
0.05489373754654797
0.05472391323089535
0.05455406504844798
0.054384195949059425
0.05421430862257838
0.05404440553116431
0.05387448894078043
0.05370456095168141
0.05353462352771511
0.05336467852427749
0.053194727714764765
0.05302477281538589
0.052854815508207975
0.05268485746232481
0.05251490035305088
0.052344945879059475
0.052174995777397204
0.0520050518363264
0.05183511590595691
0.051665189906646945
0.05149527583516953
0.05132537576865106
0.051155491866308564
0.05098562636902055
0.05081578159678792
0.05064595994414433
0.05047616387359816
0.05030639590719397
0.050136658616293864
0.04996695460969108
0.049797286520177265
0.04962765698969208
0.04945806865319579
0.049288524121408765
0.04911902596257026
0.04894957668337345
0.04878017870923978
0.048610834364096245
0.048441545849825005
0.048272315225554224
0.04810314438696091
0.0479340350457562
0.04776498870952119
0.04759600666206331
0.04742708994445504
0.04725823933691817
0.0470894553417107
0.046920738167167665
0.046752087713043566
0.04658350355729715
0.046414984944452536
0.04624653077566331
0.046078139600600324
0.04590980961127411
0.04574153863789627
0.04557332414687448
