1.9369424569649996
0.1177845524533816
0.08707309522427255
0.08153643965429232
0.07988212464967567
0.07919297761227061
0.07883430097254243
0.07861288268638457
0.07845470630699611
0.07832730748630444
0.07821544338477407
0.07811178267727265
0.0780128261828364
0.077916964801478
0.07782351230918727
0.07773221495578998
0.07764300389317755
0.07755587363088487
0.07747082598267886
0.07738784749803948
0.07730690336108013
0.07722793877977052
0.07715088323975296
0.0770756553472065
0.07700216723740547
0.07693032817415074
0.0768600472842331
0.07679123551324372
0.07672380693931574
0.07665767958644726
0.07659277586413266
0.07652902273822206
0.07646635171569889
0.07640469870626061
0.07634400380714444
0.07628421104461475
0.07622526809551593
0.07616712600480832
0.07610973890950765
0.07605306377550798
0.07599706015098083
0.07594168993813216
0.07588691718381257
0.07583270788863584
0.07577902983375104
0.07572585242411761
0.0756731465469892
0.07562088444427278
0.07556903959744657
0.07551758662379165
0.07546650118276416
0.07541575989144152
0.0753653402480672
0.07531522056281353
0.07526537989498336
0.07521579799594216
0.07516645525716062
0.07511733266281542
0.07506841174645601
0.07501967455130538
0.0749711035938115
0.07492268183010928
0.07487439262509527
0.07482621972384675
0.07477814722515423
0.07473015955695511
0.07468224145348802
0.07463437793399993
0.07458655428286423
0.07453875603097841
0.07449096893832537
0.0744431789775981
0.07439537231879462
0.07434753531469986
0.0742996544871851
0.07425171651425555
0.0742037082177898
0.07415561655191893
0.07410742859199561
0.07405913152411321
0.07401071263513656
0.07396215930321035
0.07391345898871295
0.0738645992256309
0.0738155676133274
0.07376635180868434
0.07371693951859633
0.07366731849280045
0.07361747651702708
0.0735674014064544
0.07351708099945847
0.07346650315164488
0.07341565573015484
0.07336452660823559
0.07331310366006943
0.0732613747558554
0.07320932775713877
0.07315695051238322
0.0731042308527847
0.07305115658832341
0.07299771550405357
0.07294389535662921
0.07288968387106766
0.07283506873775078
0.07278003760966469
0.0727245780998834
0.07266867777929382
0.07261232417457214
0.0725555047664094
0.07249820698799536
0.07244041822376225
0.07238212580839883
0.07232331702613363
0.07226397911030236
0.07220409924319872
0.07214366455622259
0.07208266213032821
0.07202107899678525
0.07195890213825734
0.07189611849021
0.07183271494265582
0.07176867834224737
0.07170399549472717
0.07163865316774443
0.07157263809405033
0.07150593697508026
0.07143853648493677
0.07137042327477923
0.07130158397763497
0.0712320052136417
0.07116167359572964
0.07109057573575571
0.07101869825110023
0.07094602777173477
0.07087255094777024
0.07079825445749738
0.07072312501592472
0.07064714938382315
0.07057031437728542
0.07049260687780629
0.07041401384288783
0.07033452231717653
0.07025411944413326
0.0701727924782397
0.07009052879774266
0.07000731591793219
0.06992314150495586
0.06983799339016003
0.06975185958495547
0.06966472829619826
0.06957658794207373
0.06948742716847305
0.06939723486584563
0.06930600018650891
0.06921371256239668
0.0691203617232194
0.06902593771501081
0.06893043091903146
0.06883383207099393
0.06873613228057314
0.06863732305116059
0.06853739629982054
0.06843634437739414
0.06833416008870694
0.06823083671281596
0.06812636802324154
0.06802074830811779
0.06791397239019319
0.06780603564661
0.06769693402838678
0.06758666407952255
0.06747522295564164
0.06736260844209069
0.06724881897139925
0.06713385364000772
0.06701771222417198
0.06690039519494177
0.0667819037321147
0.06666223973706598
0.06654140584434658
0.06641940543195197
0.06629624263015428
0.06617192232879576
0.06604645018294523
0.06591983261681461
0.06579207682584029
0.0656631907768383
0.06553318320614082
0.06540206361563561
0.06526984226662542
0.06513653017144382
0.06500213908275673
0.06486668148050558
0.06473017055643833
0.06459262019620327
0.06445404495897818
0.06431446005462617
0.06417388131838282
0.06403232518308957
0.06388980864900458
0.06374634925123845
0.06360196502487421
0.06345667446784972
0.06331049650169528
0.06316345043023612
0.06301555589638383
0.0628668328371604
0.06271730143710975
0.06256698208027091
0.06241589530090063
0.06226406173314522
0.06211150205987871
0.06195823696093228
0.061804287060954234
0.061649672877148017
0.06149441476714332
0.06133853287726272
0.061182047091452925
0.061024976981146686
0.06086734175633146
0.060709160218089905
0.060550450712883785
0.060391231088839224
0.060231518654291286
0.06007133013882833
0.059910681657075006
0.05974958867542915
0.059588065981958475
0.05942612765964308
0.059263787063132414
0.05910105679915939
0.05893794871073947
0.058774473865252155
0.05861064254647971
0.058446464250654355
0.05828194768653373
0.05811710077950323
0.05795193067967091
0.057786443773897966
0.0576206457016772
0.05745454137475049
0.05728813500032073
0.0571214301077023
0.05695442957821819
0.056787135678136515
0.056619550094415896
0.056451673973011283
0.056283507959473816
0.05611505224156229
0.05594630659357463
0.05577727042209139
0.055607942812821526
0.05543832257822853
0.05526840830561604
0.055098198405350296
0.05492769115889498
0.054756884766342905
0.05458577739313248
0.054414367215644015
0.054242652465385746
0.05407063147148892
0.053898302701247666
0.05372566479845552
0.053552716619310235
0.05337945726567625
0.05320588611551845
0.053032002850340196
0.052857807479486034
0.052683300361189955
0.05250848222027883
0.05233335416246439
0.052157917685181215
0.05198217468496053
0.051806127461346135
0.051629778717392064
0.0514531315568032
0.05127618947780402
0.051098956363845066
0.05092143647127858
0.050743634414155726
0.05056555514631827
0.05038720394097446
0.05020858636796659
0.05002970826895268
0.04985057573073556
0.04967119505698696
0.04949157273862015
0.049311715423073194
0.049131629882769944
0.048951322983026714
0.048770801649675906
0.04859007283667353
0.04840914349395669
0.048228020535809324
0.0480467108099895
0.047865221067859696
0.04768355793575375
0.04750172788779974
0.047319737220406055
0.0471375920286008
0.04695529818440387
0.04677286131738786
0.04659028679757362
0.046407579720784055
0.04622474489656321
0.0460417868387536
0.04585870975880023
0.045675517561839796
0.0454922138456118
0.04530880190221491
0.04512528472271588
0.04494166500460232
