0.4550661619488222
0.11417825606751442
0.09465921828074325
0.08693386799726974
0.08319188392329346
0.08115599213439857
0.0799078894218128
0.07905564666949148
0.07842221715142401
0.07792262201444303
0.07751322770464737
0.07716981047519417
0.07687767324788436
0.07662703353923635
0.07641080521556613
0.07622350113353138
0.07606067283808911
0.07591861176742887
0.07579417925983951
0.07568470072763818
0.07558789244300113
0.07550180562335891
0.07542478048193299
0.07535540678422623
0.07529248928691555
0.07523501726709338
0.07518213769889852
0.075133131762491
0.07508739440540195
0.07504441667923636
0.0750037705722433
0.074965096060512
0.0749280901098957
0.07489249737639116
0.07485810237271676
0.0748247228912842
0.07479220449699155
0.07476041592608922
0.07472924524893515
0.07469859667428866
0.07466838789065057
0.07463854785595449
0.07460901496073584
0.07457973550183802
0.07455066241394721
0.07452175421495634
0.0744929741285199
0.07446428935335782
0.07443567045406271
0.07440709085249797
0.07437852640249408
0.07434995503353857
0.07432135645165756
0.07429271188773051
0.07426400388519332
0.07423521612047913
0.07420633325071367
0.07417734078412816
0.07414822496944573
0.07411897270114268
0.07408957143801953
0.07406000913295527
0.07403027417208488
0.07400035532193171
0.07397024168327758
0.07393992265075681
0.07390938787732278
0.07387862724288011
0.07384763082648835
0.0738163888816355
0.07378489181416446
0.07375313016249331
0.07372109457983278
0.07368877581814583
0.07365616471362996
0.0736232521735419
0.07359002916420339
0.07355648670005571
0.0735226158336443
0.0734884076464365
0.07345385324038349
0.07341894373015326
0.07338367023597092
0.07334802387700877
0.07331199576527858
0.0732755769999839
0.07323875866229608
0.07320153181052054
0.07316388747562909
0.07312581665713004
0.07308731031925839
0.07304835938746918
0.07300895474521453
0.07296908723099585
0.07292874763567767
0.07288792670005449
0.07284661511266474
0.07280480350784231
0.07276248246400463
0.07271964250217108
0.07267627408471318
0.07263236761432876
0.07258791343324691
0.07254290182265892
0.0724973230023804
0.07245116713074273
0.0724044243047195
0.07235708456029083
0.07230913787304796
0.07226057415904451
0.07221138327589749
0.07216155502414637
0.07211107914887253
0.07205994534158773
0.07200814324239802
0.07195566244244991
0.0719024924866643
0.07184862287677045
0.0717940430746396
0.07173874250593687
0.07168271056408868
0.07162593661458241
0.07156840999960068
0.07151012004300222
0.071451056055655
0.07139120734113139
0.07133056320177357
0.0712691129451331
0.0712068458907998
0.07114375137761815
0.07107981877130512
0.07101503747247251
0.07094939692506019
0.07088288662518566
0.07081549613041488
0.07074721506945719
0.07067803315228927
0.07060794018070811
0.07053692605931472
0.07046498080692908
0.07039209456843488
0.07031825762705049
0.07024346041702254
0.07016769353673703
0.0700909477622398
0.07001321406115708
0.06993448360700605
0.06985474779388125
0.06977399825150182
0.06969222686060296
0.0696094257686498
0.06952558740585352
0.06944070450146274
0.0693547701003039
0.06926777757953861
0.06917972066560636
0.06909059345131419
0.06900039041303423
0.06890910642796835
0.06881673679143052
0.06872327723410065
0.06862872393919583
0.06853307355950415
0.06843632323422173
0.06833847060553022
0.06823951383485079
0.0681394516187053
0.06803828320411301
0.06793600840344859
0.06783262760868634
0.06772814180494868
0.06762255258327847
0.06751586215255324
0.06740807335045386
0.06729918965340222
0.06718921518538139
0.06707815472554984
0.06696601371456248
0.06685279825951079
0.06673851513739526
0.06662317179704952
0.06650677635942749
0.06638933761618013
0.06627086502644176
0.06615136871175731
0.0660308594490818
0.06590934866179128
0.06578684840865234
0.06566337137070065
0.06553893083598983
0.0654135406821821
0.06528721535695436
0.06515996985621518
0.06503181970012531
0.06490278090693892
0.06477286996468518
0.06464210380072598
0.06451049974924035
0.06437807551669632
0.06424484914538695
0.06411083897511935
0.063976063603162
0.0638405418425678
0.06370429267900478
0.0635673352262405
0.06342968868043966
0.06329137227344625
0.06315240522523584
0.0630128066957315
0.06287259573619433
0.06273179124039936
0.06259041189582668
0.06244847613509543
0.06230600208788225
0.062163007533562305
0.06201950985482232
0.06187552599248722
0.06173107240180911
0.061586165010459666
0.06144081917846537
0.06129504966031751
0.061148870569483614
0.061002295345531754
0.060855336724074616
0.06070800670972048
0.06056031655220801
0.06041227672588171
0.06026389691264983
0.06011518598854401
0.05996615201398257
0.05981680222781528
0.05966714304520595
0.05951718005938561
0.059366918047286575
0.05921636097904274
0.0590655120313156
0.05891437360438654
0.05876294734292595
0.05861123416033265
0.058459234266509945
0.05830694719892511
0.05815437185678028
0.05800150653809807
0.057848348979515025
0.057694896398551895
0.05754114553812158
0.057387092713015744
0.05723273385810843
0.05707806457799581
0.05692308019779331
0.056767775814797666
0.05661214635072433
0.056456186604224884
0.056299891303392566
0.05614325515796221
0.05598627291092095
0.05582893938924596
0.05567124955349746
0.05551319854600109
0.05535478173736771
0.05519599477110852
0.055036833606115956
0.05487729455680065
0.05471737433068216
0.054557070063255046
0.054396379349965836
0.05423530027515431
0.05407383143783285
0.053911971974194575
0.0537497215767639
0.05358708051011623
0.05342404962312304
0.05326063035768794
0.053096824753966605
0.052932635452079387
0.05276806569034528
0.05260311930008505
0.05243780069705929
0.05227211486962531
0.052106067363712975
0.05193966426473767
0.051772912176582246
0.05160581819779655
0.05143838989517478
0.051270635274886234
0.05110256275134452
0.05093418111401319
0.05076549949235317
0.050596527319126956
0.05042727429228272
0.050257750335644766
0.05008796555864399
0.049917930215323876
0.04974765466285922
0.04957714931982825
0.04940642462447451
0.04923549099319633
0.049064358779496685
0.04889303823362245
0.04872153946311828
0.048549872394512326
0.04837804673634222
0.04820607194372699
0.04803395718467318
0.047861711308301906
0.04768934281516627
0.04751685982982103
0.04734427007579331
0.04717158085309221
0.04699879901838072
0.046825930967922334
0.04665298262340208
