-0.08124143023752792
-1.724075275881783E-4
-0.14122353965439843
-0.06657210904360687
-0.08791097359445953
-0.08021887482237278
5.034251996607543E-5
5.449033799521879E-4
0.049034756652774736
-1.8318100437634714E-4
3.897418348475033E-6
2.8971668462039025E-4
9.606533913077146E-5
-3.4150921457788103E-6
0.0
0.0
0.0
0.0
0.0
0.0
0.0
0.0
0.0
0.0
-0.28920373970078006
-0.06209925108185635
0.06931682286229324
0.015327405456848766
-0.01589141021090612
0.1655871165784502
4.1497531507897175E-4
0.0014181602879681935
-0.049695811526553016
0.0016786935048571999
0.05149444403012489
0.0
-0.0199
-0.01952852505729756
0.05050529549809866
0.0
0.0
0.0
0.0
0.0
0.0
0.0
0.0
0.0
-0.35444504846858316
0.051452693868189014
-0.08653898368231873
-0.1446409961237926
-0.12661240789607583
0.01151560398399228
-1.0309947533468986E-4
0.0
3.224650733117775E-4
0.09970346087009876
-3.0831667750156277E-4
5.600071487720465E-4
4.577698489806684E-4
0.0
6.408734400391078E-5
0.0
-0.06
-0.009998168920604077
-9.747371127133807E-5
0.0
0.0
0.0
0.0
0.0
-0.32943649096724315
0.05945387312872744
-0.17610303564300792
-0.18536918045982786
-0.03886895811627544
-0.05995285790945777
0.0013530336529561367
2.53767285563434E-4
0.0018769694111126687
6.96198057116309E-4
0.0
3.273615557559537E-4
-5.083298173607259E-5
-0.0199
0.04844131843168255
0.0
0.0
0.0
0.0
0.0
0.0
0.0
0.0
0.0
-0.22227631189565553
0.10492748642687573
-0.09506725138740464
-0.08235907628818616
-0.060504792488625773
0.08000872516501063
0.050827091562338896
-0.009651776019370225
0.001319504070812368
0.0
0.0
0.0
-0.0199
0.055135841042195856
0.0
0.0
0.0
0.0
-0.009802203978518366
0.0
0.0
0.0
0.0
0.0
-0.13603538803264692
-0.20356060388131542
-0.27813834890072
-0.07355473135478872
0.016065675491615656
-0.08095164703144947
-3.5608933044073497E-4
-7.930827874893517E-6
6.358322512437673E-5
0.048014893815973986
-3.604011700390826E-4
1.3324186002248412E-4
-0.0199
0.0
-0.0199
-0.01
-1.8089978232663226E-4
0.0
0.0
0.0
0.0
0.0
0.0
0.0
0.0690939539628416
-0.10814033808953223
0.0994745489762095
-0.15895654023639308
-0.09948255699378075
-0.10899937278200979
0.05001693962304616
0.04964537138795282
3.338945268414495E-4
0.0
5.0334045911203E-4
0.0
-0.05784380354720488
-0.0503489073599024
-0.10731164316881198
-0.06734390915080632
-0.09964367125160822
-0.049714490378445365
0.0
0.0
0.0
0.0
0.0
0.0
-0.24229170830306118
-0.15053588896652578
-0.08604372370073012
0.007083334318599146
-0.1182556659693824
-0.04908485751295314
9.130404101627666E-9
0.0
0.049853109844705715
0.0
-0.009609433489634953
0.047435434758535865
-0.018960034327307872
-1.1961192210542783E-4
-0.0199
-0.0199
-1.2575607156900458E-4
7.849438676514032E-4
2.3306547940303702E-5
0.0
0.0
0.0
0.0
0.0
0.19210130524657404
-0.001745504017761296
0.06593845841815195
0.006958204984383699
-0.011315000822488671
-0.10153050952135714
0.0
0.0011219102389557593
-0.009262550466180203
5.83917090699152E-4
0.0012699308475609392
3.317598733454928E-4
-0.0199
4.2949584880911056E-5
-0.009610002153137148
-0.011122924342041434
0.0
0.0
0.0
0.0
0.0
0.0
0.0
0.0
-0.04703212286935588
-0.17154401006716566
0.02680965328782123
-0.01748822851636076
-0.05699514569655819
-0.10026609019583373
0.0
0.0
0.0
2.1699311053413888E-4
-0.009238486365690184
0.0
-0.0199
-0.049852444463664415
-0.0199
-0.0199
7.918629440318797E-4
0.0
0.0
0.0
0.0
0.0
0.0
0.0
0.05398373335661989
-0.066048257937954
-0.0076427673004876824
0.0014829052444323555
-0.004002409812840819
-0.03289871495648322
3.096117008002651E-4
6.853605811518101E-4
0.0500208958467711
2.090164433941751E-4
0.0
4.3707718355354315E-4
-0.0199
-0.0498287721515634
-0.019899435306713904
-0.0199
0.04951900978516478
0.0
-0.01
0.0
0.0
0.0
0.0
0.0
-0.07947826150205582
-0.14407515563936418
0.016626874452681902
-0.10767778875962362
-0.22041299481283325
-0.15818422018643516
8.060464794092665E-5
0.049875836294798095
0.0
-1.231127065746661E-4
0.0
6.910655885999546E-5
-0.0199
0.04766890668021199
0.0
-0.019899458080316835
0.0
0.0
0.0
0.0
0.0
0.0
0.0
0.0
-0.13135535796861184
0.0019301785801418086
-0.2411919673431019
-0.13709032484025802
-0.10399839171906337
-0.07735363301237368
-1.918247623698413E-4
0.0
0.0
-4.85997520547188E-4
-2.054090405548447E-4
-0.010301949660467713
-0.01
0.0
0.0
0.0
0.0
0.0
0.0
0.0
0.0
0.0
0.0
0.0
0.012054755970529261
-0.09262786455518195
-0.10599951171580994
-0.11213685149168966
0.11360217447084978
-0.12845305369532423
3.853132869482815E-4
0.0
5.8810476447198685E-5
0.050287160174266377
5.0645453024853254E-5
1.4964116019886535E-4
-0.0199
-2.1812469067760513E-4
0.0
0.0
0.0
0.0
0.0
0.0
0.0
0.0
0.0
0.0
-0.19180227021430413
0.05444951413014566
-0.2581803937898462
-0.17729778964015752
0.05037213219340143
0.06972440468628427
1.5872966112691725E-5
0.0
0.0010309586975975596
0.0
0.05065264533201957
2.9113185087326787E-4
-0.06939999999999999
-0.019774369228067915
0.0011543610019482571
6.711498848157096E-4
0.0
0.0
0.0
0.0
0.0
0.0
0.0
0.0
-0.03523855780837636
-0.040265595821820585
0.011153601421016955
-0.1973644269185475
-0.009576770921536845
-0.1445812033986359
0.0
-0.009862113808270963
-0.010153613821047545
-1.104097931403573E-4
0.03815370101235338
0.0
0.0
0.0
0.0
0.0
0.0
0.0
0.0
0.0
0.0
0.0
0.0
0.0
0.12176074450909909
0.015689836040455204
-0.017370080319161003
0.046970366264037625
0.05615093689911216
-0.08277677531948874
0.03786513556703052
-0.0022525245038767837
-0.023910107321811827
0.005252536077217013
-0.012532998378991342
-0.001365423124930933
-0.018257767665369025
-0.029779015719909707
-0.018437522400150317
-0.023593140150764462
-0.05878571611061073
-0.05863080272222281
-0.009693355136990113
0.0
0.0
0.0
0.0
0.0
-0.008178383355842731
0.20103704460067714
-0.07428252687126581
0.12033060569393073
0.15448953358308165
-0.00811697460101489
0.04293809664517582
1.7511080466390497E-6
-0.006560277809638285
0.0037086991269468404
0.04540408693970068
0.02362615709019624
-0.025987784400869806
-0.03955263826011746
-0.018689139724147416
-0.02054663922169621
-0.029740046095173465
-0.03931901481647916
-7.657475139301854E-5
0.0
0.0
0.0
0.0
0.0
0.03131852709962301
0.07998585415442298
0.12548757204753266
-0.059939931962127796
-0.03100551254587506
0.013136219982089976
0.0012852367779296243
-0.006219005490133997
0.04869261371509288
0.14477880139636085
-0.0014725620782115765
0.004125168676936677
-0.06366846963244525
-0.08774428336375954
-0.056661598306808655
-0.07326022183904868
-0.16557667315105049
-0.10593922786182476
-0.01
0.0
5.006569369857206E-4
0.0
0.0
0.0
0.04801577396346805
-0.02004614243587433
0.08601620748260634
0.052834631928519206
-0.1820600883454617
0.0721287111424124
-0.007856493603740805
-0.012971109695348171
-0.013374483889850403
0.03438175276926618
-0.0028910395488934712
-4.482261722357651E-4
-0.06945781410772202
-0.08764427499449105
-0.1271652517642612
-0.07301059565448884
-0.09484652809273719
-0.0874484288755329
-3.1355423825599025E-4
0.0
0.0
0.0
0.0
0.0
0.12185065566034477
0.1252348076804589
0.04139331712110111
0.09354962242566799
0.09487323839494576
0.021676660161361522
0.006148066861275112
-4.627317719318048E-5
-0.013705022470322674
-0.021358800939676556
0.0021796980015295966
0.09915718155329308
-0.019287109378718914
-0.03962048799489001
-0.00862677222118996
-0.018524110798419223
-0.004871998722501031
-0.029739781109831106
0.0
0.0
0.0
0.0
0.0
0.0
0.01001457925028552
0.0931396971970513
0.030013141852293944
0.19325996503167553
0.13282680059438132
0.11257010408402783
0.036708338880187125
0.0530136708462472
0.05320551169017457
0.05405883907456883
0.00686834422821074
0.006786211356905061
-0.0494800411111611
-0.006954017074191371
-0.03788290185517455
-0.04910115541770595
-0.0244500065281013
-0.01911944053111826
0.0
0.0
0.0
0.0
0.0
0.0
0.19680693393765755
0.11701957813082535
0.1267337942571113
0.19039417944256018
0.014468436354395124
0.03439777340936895
-0.0059303315190794405
-0.006770124291241983
0.005975980428836331
0.0022629622683563444
0.07732115649603596
-0.011227386547074126
-0.055839323568588506
-0.046975865125033156
-0.10199703320868342
-0.08622303338705592
-0.06338964905749232
-0.07663515003854848
-0.01
-2.4432080764384315E-4
0.0
0.0
0.0
5.708160833243845E-4
-0.02966476387480542
0.16217049061367714
0.10176053799767676
0.08884588920317864
0.1126884863550572
0.007575807267040841
0.005044124454836494
0.0555379262240923
-3.3949761444109665E-4
-0.0010972298284707268
0.13631393929623933
0.14323888470692778
-0.05598452344154084
-0.0687520620913287
-0.0654084776357261
-0.06431954848027895
-0.07152693651886756
-0.02823543309906657
-0.010150795510811581
-1.9618184733782425E-4
0.0
0.0
0.0
0.0
0.03888539857126068
-0.034029849789764824
-0.005771501413824359
0.019752620312069227
0.1991728862097621
-0.049552678171040546
0.002534574263972988
0.04999683583925323
-0.005659056629876024
0.14321895014768937
-0.0074222303189156345
0.04147257594897794
-0.02935357967618498
-0.037606333887469236
-0.02842462559007784
-0.03862798034438529
9.3541108597335E-4
-0.009431628046938454
0.0
0.0
0.0
0.0
0.0
0.0
0.03769703238807745
-0.018511797813871217
0.036877792475673445
0.03786962233927956
-0.011841151630159398
-0.02579629558739237
0.05722560143729231
0.04395750174761976
0.00801160951244517
0.10007180765337137
0.052308359005109134
0.055434074174248345
-0.028965833170784702
-0.026631369213927482
-0.038890015607841
-0.07012208767012333
-0.04998721525834594
-0.02654553445172133
0.0
0.0
0.0
0.0
0.0
0.0
0.0652576362831348
-0.1620758326403542
-0.007517708458655499
-0.0727054505992295
0.06641690528340524
-0.034665711198325955
0.043692999221033486
0.007578340494630888
0.003502992559999441
0.042201204385895426
-0.011928267403620588
0.032680121786289866
-0.06785029128019733
0.005111391439791633
-0.029649459273654977
-0.06782396261043978
0.0019092554183089206
0.002014820502069395
0.0
0.0
0.0
-0.00998127744367045
0.0
5.858960240648122E-5
0.061111249094282706
0.07130309517655
0.1180300415361191
0.052735093621034776
-0.007382316907087173
-0.06357830365761846
0.09216658801324464
0.009152285544989248
0.0034490137038683567
-0.00269566078501352
0.003089955924223116
0.0034580200452425883
-0.0199
0.03485471781982894
0.0
0.0
6.744069044773663E-4
-0.009030430640505384
-0.009980887614448148
0.0
0.0
0.0
0.0
0.0
0.18236764513010217
0.06963715838345337
0.20201766200166485
-0.013713732434695317
0.015400222402263603
0.0034281824940013777
0.04783270590100633
-6.061573147287917E-4
0.10505119710221025
0.05366046519104159
0.05465896556192834
0.056160968877511375
-0.048551881478131345
-0.014303505108349908
-0.04918960395483302
-0.039467678165643
-0.015149794805186806
-0.018310740844925056
0.0
0.0
0.0
0.0
0.0
0.0
0.07583172583348342
0.059943020111455865
0.13708981542918455
0.09581291619595293
0.19356097820566695
0.14676507965708743
0.055111410559350385
0.031241012971022837
0.0242870351258134
-0.004291162474473887
-0.0058328505696913745
0.04178312371094432
-0.10639342113382547
-0.036932391917639806
-0.10319384134646853
6.27282432329436E-4
-0.04681237968454295
-0.06412497776286286
0.0
0.0
-0.010147729567670561
0.0
0.0
0.0
-0.019564371891912978
0.019442789270226496
0.10147962696914027
0.206918046314581
0.08451600765153269
0.17433685895008927
-0.01595469979071027
0.05290943786232351
-0.002350150476084722
0.05122123148462758
0.005855983428254241
0.0462584020416302
-0.08318330945476346
-0.11083621729383666
-0.04212035558442523
-0.08062897216499972
-0.07613958122412424
-0.10530740864563927
-0.010139069100401719
0.0
0.0
0.0
-0.00988354438729147
0.0
0.1238046677475778
0.08538973765837111
0.05518180588552685
0.04044204307298516
0.0023045921996011787
-0.032665657834729835
0.009112766945763026
0.13888928252260943
0.00650175228928393
0.006122281528620244
0.17117709164134565
0.003020161317535573
-0.02533470060843351
-0.017535199541546045
1.32802492435542E-4
-0.036889921805070044
-0.02686013853408376
0.001239415909500459
-0.019896949041707378
0.0
0.0
0.0
0.0
0.0
-0.13678956887664304
0.057440264938507124
-0.044094222525695025
-0.01623285761702626
-0.11626723112352239
-0.07266678115349104
0.0440086264275022
0.03595048546401511
0.11464423245750849
0.14364458405395333
-0.0078668290513985
0.07116230927485259
-0.09981925585475832
-0.18680272485331423
-0.05200105504908748
-0.11288555480055673
-0.1481948288679286
-0.1596737128658733
-1.6280803824378617E-4
-0.010090258486552251
-0.009752748777118375
-0.010118195272718745
0.0
0.0
0.07386334070163511
0.035179086775588855
-0.15180197586169847
-0.11566071523395369
-0.1350264480658031
-0.09372354889098641
0.027424106921924197
0.0022142000183330737
-0.009939521679968089
0.03250458267765691
0.04944944394127016
-0.01819754590002513
-0.11682105084002262
-0.09157415742883811
-0.1618584360778713
-0.062459798053272064
-0.1029195608356458
-0.1706622920756445
0.05004611214281107
-0.010274481703664452
-0.010387711668411473
-4.278497222294619E-5
0.0
0.0
-0.019652121401496324
-0.06433974056292731
-0.021070914604040557
-0.07548473239604372
-0.08243753863236053
-0.09301787261222966
-0.007213341749582695
-0.025369473598902965
-0.0016455648602199699
0.022107545075663003
0.02883983934367179
0.006707619444994758
-0.07804235465898693
-0.16690848286547108
-0.09518609381250684
-0.10819283802783149
-0.2638312509895403
-0.11649519698744396
-0.010615667878365428
-0.010000172603253836
-0.010231339070218481
-1.3967516609800313E-4
0.0
0.0
0.07933373833035716
-0.13444753463572914
-0.2852022417393461
-0.15565844450592486
-0.017138708075357494
-0.09151346707876465
0.09891134018246994
-0.011810663641111436
-0.01563393777699385
0.11190993596264362
-0.03747010584503078
0.042097642569034574
-0.10000663658852438
-0.20500235848998602
-0.10230348791490558
-0.12263621950081097
-0.1530762893530723
-0.1835735349859702
-5.53860829449127E-4
-0.00988926254416484
-0.009997798359492832
-3.494033257350637E-4
-0.02041073181780033
-0.010403752815737584
-0.2363016018650247
-0.032303598585622616
-0.10629825102245977
0.02740945910447671
0.01815097063012553
-0.010752673563161499
0.015576524714279734
0.021914623554726093
-0.01820838239852457
-5.716055602918451E-4
-0.025795560340352432
-0.015911502735235502
-0.1967870789920492
-0.21659125828227652
-0.25989587843889805
-0.2613102974883951
-0.23679378366520404
-0.29704420957229516
-3.7690661421937256E-4
0.0
0.0
0.0
0.0
0.0
-3.281569714037862E-4
-0.02804402511438017
0.03924485753835755
0.002724699102799207
0.011031440003678627
-0.0831916068599024
-0.01778681946860853
0.10127217019299367
0.03669368529760369
0.19809836089205388
0.051970244885641934
0.18840373533934573
-0.14440095846023585
-0.18987534111311052
-0.18890624936761663
-0.14276831112333646
-0.15999793929138728
-0.12650704378574432
-2.944215009949373E-4
-0.010314830855333228
0.0
0.0
-0.02057708828733167
0.0
-0.20135519964164575
-0.09131951582577863
-0.20804446424388381
-0.16996651230183318
-0.045835586201964575
-0.03463397809295193
-0.021374020493286187
0.06449608416603338
-0.016743575260075663
0.06423235753677584
0.19913545327627422
0.07009127656604076
-0.22222512653464171
-0.2503426963462054
-0.20743029134274626
-0.08099765402822388
-0.16984705986359647
-0.18396664388453354
-0.010154089861076519
0.0
0.0
0.0
0.0
0.0
0.006419657358406065
-0.08224465337542414
-0.05343060869405157
0.010186168858703607
-0.13848931252012736
-0.07824386512618452
0.13012564019306466
0.13398108333503128
0.06516642234783107
-0.01906859356628012
0.03407583387887711
0.06753293015394783
-0.19371161851410412
-0.23406505134554811
-0.2022402130902021
-0.2036295822341333
-0.24536903758288645
-0.2499686206012383
-0.01
-0.010273702066337759
-5.932800828456878E-4
-2.2088968119352215E-4
-0.010624390620644648
0.0
-0.11377695462551364
-0.18153910161139206
-0.09732915218137964
-0.17833837434647606
-0.05305564692191215
0.02769591555248006
0.040815107798919004
0.031876900232616794
0.029022058228673094
-0.012253610264440386
0.05581230017824528
0.07334847286648156
-0.10592281101487988
-0.04429663934789315
-0.14982614595567628
-0.0773694229208792
-0.0060159742920217855
-0.049264451905671226
-0.010094233280774223
0.0
0.0
0.0
0.0
0.0
-0.0427033293777755
0.034328539051721806
-0.12779069032249987
-0.11615965119431768
-0.08003937252167286
-0.08454213307795298
0.016134669516633164
-0.03148090740575824
0.07195983637359323
0.023075078514973466
0.011094027150354421
0.07395102882419609
-0.06427461509989504
-0.009250589998419581
-0.07197615165572603
-0.09824315126111001
-0.0177130086312924
0.16437204653662785
-0.028268474093730837
0.0
0.0
0.0
0.0
0.0
-0.14566388718176948
-0.17168697928314156
0.012661527930883116
-0.02595766700065454
-0.013038290425145165
0.029316760734195438
0.06591436253857627
-0.019587647492833146
0.02184227774012029
0.059914699717939904
0.04549240779410647
0.051337093627664664
-0.028200705653815158
-0.07314199236440828
-0.04729031071183998
-0.0275062673722088
-0.056807368219794506
-0.03205381979899695
-1.4636227201508727E-4
3.4015691446291553E-4
0.0
0.0
0.0
0.0
-0.01029174477509309
-0.01768536554478822
-0.09059020749244377
-0.13192712235954165
-0.022752515015836885
0.0543944737856469
0.020466091097852412
-0.00958521642151887
0.14698976107387923
0.014659598846919898
0.1922715714015814
0.02998471379101107
-0.19156815809337802
-0.02822563767859666
-0.09721174873552924
-0.03891750039856453
-0.05883481191888112
-0.06816643847110494
-0.009801639906157412
0.0
-0.010073070078791508
0.0
0.0
0.0
-0.1064663919366345
-0.11387582405027599
-0.1139008471748698
-0.12413734828208912
-0.07105080083197246
-0.05184094917597863
0.12274716249457102
0.15766449263078502
0.03250925697230039
0.026174087982993286
0.055344880135952824
-0.017247307710450466
-0.11190548984985521
-0.10261737204131251
-0.14659704395139808
-0.09615949685229076
-0.11002598589761
-0.06960695846862001
0.0
0.0
0.0
0.0
0.0
-0.01037153521408159
-0.03608319815594686
0.06593629821850516
-0.003927303771867156
-0.0338480648401729
-0.08466690318869333
-0.05973657989242074
0.02319431049950913
0.059987669995230156
0.024607131654127628
0.02833761395090113
0.04227224032617032
0.07601230649512435
-0.17321504085384562
-0.11854380100531142
-0.11961220064446709
-0.11209910738509528
-0.18297550668535006
-0.16253989173721675
-0.010111671138594475
-0.010185027018202383
0.0
0.0
0.0
-1.9482474159964036E-4
-0.12825232796532754
-0.13069868549129726
-0.07179866091355035
-0.055231619701047306
-0.1169469856475032
-0.07945717020916905
0.02264932839751013
4.153887998441419E-4
0.03470716566862638
-0.009801137568035396
0.06001200707052652
0.03170889048282146
-0.195738738428196
-0.0642972903999334
-0.11269521673515047
-0.17131425565433023
-0.17289565422179567
-0.10123961571873087
-0.0201384927973357
-2.924595181525579E-4
-0.010293074653891208
0.0
-0.010218500162575184
0.0
-0.02348503474741651
-0.015245735936944338
-0.052532915559700154
-0.0993178029873083
-0.05246509724631603
-0.050370283072617546
0.14696516521495834
-0.005216651919945151
-0.023259903871830825
0.11171535666992435
0.02220083518048963
0.09061657135394695
-0.18327786018262462
-0.11339738805951768
-0.08530470997160508
-0.08093045120394521
-0.1032265517247209
-0.11871292367540413
0.0
1.8539615457786217E-4
0.0
0.0
0.0
1.9926916449114888E-4
-0.08137256548534234
-0.20881889111927832
-0.12037204482967939
-0.11819513439300484
-0.15284630517781161
-0.1674978448743387
0.018920337871158474
0.04441275181795269
-0.03375107637747245
-0.032096252513614025
-0.03630562391137229
-0.029341316085567996
-0.07760353550851612
-0.27589426915686044
-0.09309924840497849
-0.09198954981668252
-0.21348283237441518
-0.275683740646672
-9.025220770937179E-4
-0.010316501427985143
0.0
0.0
0.0
-7.97521889406321E-4
-0.023811289855191257
-0.2143551582008636
-0.3079662393234273
-0.12262966470998005
-0.22915239016621286
-0.3561064895613273
-0.04087430439989574
-0.017695139386882504
-0.01861055227805439
-0.006977047285206839
-0.059166309217049476
-0.07538212065361437
-0.10098436119116114
-0.2697097166594851
-0.09852120869909814
-0.08729161189582754
-0.28473273978049396
-0.2682672096956677
-7.824533572687426E-4
0.0
-4.443542000535818E-4
0.0
0.0
0.0
-0.14331236786448318
-0.13206093111941483
-0.0878829480335081
-0.1613417564989035
-0.2476549428173467
-0.20086197066971845
-0.045615085757021404
-0.028988755317774763
0.023899111966138444
0.007436567850085576
0.007285763644213083
-0.035673286034916714
-0.1127374802034448
-0.20281117587374814
-0.10066835965444022
-0.1440905746088389
-0.27517149736310625
-0.21314651648034194
0.0
0.0
0.0
0.0
-0.01041238807172684
0.0
-0.25495360124990496
-0.0797686666231493
-0.06618726836759455
-0.09896749287938282
-0.13252125732613626
-0.1806867208504552
0.03233462282797568
-0.027056367560973495
0.014209996291333267
0.02689027590247185
0.040146723516227785
-0.055297444451058615
-0.010957282575506213
-0.1906789897527832
-0.06738453625187169
-0.04748843875422072
-0.1500550662824348
-0.12790569738141927
0.0
0.0
0.0
9.069633411271847E-6
-0.020162182962707408
0.0
-0.23305203685569847
-0.1213548326437014
-0.20633242998576645
-0.22464812602908263
-0.12097555038418696
-0.19447682500303973
0.08417649215342082
-0.013094874302375074
-0.04621616376994446
0.006844824477029682
0.010601033619464672
-0.037038961846364064
-0.18256433638534325
-0.2792862453142968
-0.17130055754859835
-0.13240932655535098
-0.243362466596207
-0.26796503352447026
0.0
-3.2374653963306894E-4
-4.0364223580841073E-4
0.0
0.0
0.0
-0.09365103331376164
-0.038942775229555034
-0.10915798845986341
-0.03406016374303574
-0.12776891901731638
-0.07814063835051466
-0.026942906533904503
2.528692246077235E-4
-0.04640033455731802
0.022936269762757287
0.009990676241066188
-0.0026035605907753965
-0.23255945209139212
-0.21032765044868923
-0.13972913096958564
-0.23259682527333103
-0.25344129868113263
-0.3919340466386513
-8.08212176469629E-4
-4.819558897476807E-4
-0.010290511495754948
-0.010239198474536
0.0
0.0
-0.07255245795925208
-0.027859629924782033
-0.11268292110136431
-0.06265127804841963
-0.1139799758672416
-0.126032575086146
-0.046433009140532326
0.020405566093436633
-0.03448019339053081
0.07171544482610631
-0.03407886763806156
-0.011444701376984397
-0.21672839700468613
-0.14549410505680824
-0.2061000026749632
-0.20372276323387983
-0.23076710236975356
-0.15190641135478142
-0.020409694560476366
0.0
0.0
-3.891553010493515E-4
0.0
-0.010205377262889321
-0.17388238479605111
-0.1544653141046105
-0.08662207056156747
-0.13483102987157408
-0.22834994339899348
-0.20108943845062568
0.009649892640039563
0.019697038882705242
0.003680709878434805
-0.04198051314935281
-0.06143625897539534
-0.01695436823359362
-0.23950839171747176
-0.18797496520328272
-0.3126744239981791
-0.21222552070058456
-0.20903571847367464
-0.20634645437017918
-0.03108767781119391
-4.8283439366478216E-4
-0.010654820667999151
-0.010478597349991249
0.0
-0.01068499033211488
-0.09085813607043598
-0.20116146494118958
-0.20140702925587925
-0.22894335876599375
-0.244020556599421
-0.10823919531459371
-0.015043707894145221
-0.010449970761499793
-0.04243602106710189
-0.020376444843054668
-0.04765980037832613
-0.057467580620758164
-0.3432542047519815
-0.05526125991618786
-0.20261525063300215
-0.24599576160128006
-0.16155387434010413
-0.10876648562643093
-0.020384382713583213
-0.010196867845391307
0.0
-0.02060811191252071
0.0
-0.010296351736843332
-0.11196796981527717
-0.0980386265829724
-0.06832275536615066
-0.20432918969621108
-0.2600260745753056
-0.18897913982047865
0.005232356409532647
0.017347293036851393
-0.0015924527816962044
-0.04676496162431651
-0.036865198453307324
0.0770754751965112
-0.13869087805139005
-0.11324997041013918
-0.21910734582962266
-0.21119613942442433
-0.10135507839580289
-0.10576502554760409
-0.010159295254831644
0.0
0.0
0.0
-7.360386292189492E-4
0.0
-0.1857768427069055
-0.15484752668318655
-0.1397353974305598
-0.18527080581198588
-0.10518206357937318
-0.15904530297293493
-0.02180259503793118
-0.08593416053333422
0.02390632913569841
-0.03566481592041762
0.003755705690059993
-0.015181802961382043
-0.25105225763252165
-0.013690747570249386
-0.23397084695887174
-0.29561495025927753
-0.05716819411677606
-0.11327588771808404
-0.010098454693438338
0.0
-0.009807772438055775
0.0
-4.7709323082731716E-4
0.0
-0.19944482925156246
-0.18483909577738203
-0.20809487448317768
-0.27139463291111376
-0.19251553856757386
-0.09769254007976781
-0.012655642074437312
-0.0058330499904864445
-0.028833595270735524
-0.03992155248202978
-2.8607187525577947E-4
0.0034938347521823463
-0.17454487752662343
-0.08737302611671978
-0.15959457677308325
-0.13994898202651243
-0.007237652938852549
6.104668504364398E-4
-5.657251618233625E-4
0.0
-0.02
0.0
0.0
0.0
-0.14270248197529753
-0.13531072631090146
-0.22124726850970822
-0.12079528027544532
-0.18785935051574512
-0.16525808604730569
0.01694064931761982
0.05000028453537971
-0.03213232943618318
-0.027259655348644073
-0.027006274973488346
-0.026208633239367563
-0.19589799219001908
-0.0772920176932755
-0.17532042210882673
-0.20396509061681697
-0.1536951900617481
-0.12579676722708233
-0.00999933976365156
-0.020217393105871763
-2.8588811031365945E-4
-0.010275048690043058
0.0
0.0
-0.10708507718304072
-0.10907115476553376
-0.2808211624989651
-0.155336702216862
-0.21213307622975774
-0.14887999022950082
0.023162311509481514
-0.052002743605058334
0.03190129946209999
-0.02502291233737762
-0.03608244880067408
-0.0096322335779122
-0.21426543863420128
-0.22184909522355953
-0.31469514436154317
-0.2317246988624928
-0.2043241505861278
-0.1840115116074096
0.03822527538048688
0.0
0.0
0.0
-7.146434400603192E-5
-0.010472565921109438
-0.08528867352844817
-0.11229998050276016
-0.09424254238777391
-0.10741253488878774
-0.11226168629662042
-0.10556053386473556
0.050695171090709014
0.033980809938676415
-0.01853525354463272
-0.047660221107660355
0.0022883608933372437
0.08539475993362576
-0.25819094504681817
-0.27308630656465166
-0.24024717587589028
-0.32563695193237435
-0.2324295195706757
-0.26183290189283753
-0.020846386461041012
-5.487316636068136E-4
0.0
0.0
0.0
0.0
-0.13082674848441395
-0.13934686732451426
-0.07691153016603541
-0.191654811237514
-0.07946863648668795
-0.24491649259357262
0.014188149700472788
-0.01605174440193312
0.01353141582142392
-0.04202645777392967
0.014183102608974792
0.020616459952613384
-0.3069160761073621
-0.2147016212101889
-0.18187394467129359
-0.3136051048189934
-0.1358087915070675
-0.18043897812086424
-0.030716703931509493
0.0
-2.3959751387941215E-5
-0.010547653717155367
-0.010520485501422388
0.0
-0.14777453689019887
-0.1258500832146836
-0.1542506579606953
-0.1595653613649298
-0.2215395570649799
-0.24268297147095935
-0.036923980970976954
-0.045834640774935945
-0.04023821781473676
0.02206518128467869
-0.037008444678072974
-0.01696277934722265
-0.02674700352316456
-0.24997154686180728
-0.07657982940618498
-0.09329322957865667
-0.21641854867409135
-0.29579147914071174
0.0
-0.010095911009222776
0.0
-4.093017436611712E-4
0.0
0.0
-0.1309368589767696
-0.32281672407598366
-0.17200397419054203
-0.1380104153059269
-0.24218713957098909
-0.3045012848891118
0.005738137719771108
-0.02412720945258023
-0.08353148932462123
-0.043187442632578434
-0.023338492679458953
-0.01571419469230369
-0.11153724554052669
-0.20531767000053397
-0.15048161323930076
-0.11402061625370341
-0.2515390662561628
-0.3480348029356391
-6.334300835188816E-5
0.0
0.0
0.0
0.0
-0.030220022063521916
-0.12039182280558211
-0.1413955953297147
-0.18591475996256332
-0.19062677063200878
-0.17232495238821788
-0.011409191976765867
-0.021928012428173937
-0.02919384301786326
-0.02880069731244907
-0.03072219708919008
-0.026816097884662583
-0.03110218493147118
-0.22915908683328495
-0.28604606648038516
-0.19286488078893732
-0.1360608853848086
-0.2362715353035841
-0.2515843195825087
-6.996558397365358E-4
0.0
-7.354315566828697E-4
0.0
-0.010487823735926261
0.0
-0.19188573610721882
-0.17552791633681544
-0.23986849258927534
-0.2337665849528614
-0.2991675195650739
-0.21184786668215058
-0.04998561957826848
-0.025419343157214447
-0.023111928472588052
-0.004392475393705722
-0.02837955417771695
-0.03818528156421064
-0.05376426236969431
-0.2566134208471074
-0.14046948710330462
-0.10653035540521646
-0.15073285157864552
-0.21677738855515127
-5.839373963515953E-4
-0.010170313147802756
0.0
-6.998668652009599E-4
0.0
0.0
-0.14245783530694894
-0.09025174291308086
-0.07593351222428109
-0.22712728806841664
-0.19313926573404605
-0.24777968555338944
-0.01878872749624711
-0.033796763165977364
-0.025492680017757133
-0.026178409226910018
-0.03882105465805427
-0.026489682342949628
-0.12123938713571668
-0.16298376738403755
-0.15379572309608444
-0.16455474104262027
-0.17409499340370138
-0.15116401317123632
0.0
-0.020245525444523092
-0.010115694389201981
0.0
0.0
0.0
-0.17669753629832038
-0.27011885601141944
-0.1672443729274536
-0.14323889925302152
-0.08057073250353951
-0.16219611031621112
-0.01563741728504337
-0.0292855405773067
-0.043131650298843895
-0.03638691864544928
-0.03235002677429607
-0.0355518347617795
-0.2704744639722151
-0.2846353998852276
-0.272385669299016
-0.2613956598502472
-0.20888529865831112
-0.24329341627214382
-0.01046967856777363
-0.010456543509479253
0.0
-7.764063606401409E-4
0.0
0.0
-0.20891844424281616
-0.2321067816473194
-0.17519397844354365
-0.024853149368780508
-0.22553285819913893
-0.1401791579014266
0.0013806575532742406
-0.03696957612174344
-0.017450635639134217
-0.01583476810586113
-0.01597688126190653
-0.04023956942576612
-0.15393224574488548
-0.13787845676183555
-0.18036979762779
-0.16314773935682145
-0.11647122945133968
-0.15792516794604922
-7.825930920229572E-4
0.0
0.0
-0.010433534452964008
0.0
0.0
-0.16173712083586633
-0.1295712401285705
-0.2280599540275352
-0.19507407821204445
-0.25147386481424544
-0.08622315024333738
-0.02345973169863483
-0.013887166375933672
-0.008669809430180881
-0.01643415454148085
-0.04020584680477317
-0.02323707087566448
-0.08716767715430881
-0.20593779416282093
-0.07884082168583272
-0.0846698401772709
-0.0770563989462672
-0.10539007081005154
-4.110077922832656E-4
-0.010160940037565408
0.0
0.0
0.0
0.0
-0.198552251772642
-0.1600858603108477
-0.10680892179761112
-0.3150704353150921
-0.21491862880042853
-0.19219383102111295
-0.07397233777931558
-0.016695531433644425
-0.030897233551682918
-0.021010380471816543
-0.02676987007125991
-0.027636173149759552
-0.15729245366777128
-0.11061188611908145
-0.27406129832889226
-0.20030339054908186
-0.06115709450006127
-0.0777330310023313
0.0
0.0
0.0
0.0
-4.983366298046024E-4
0.0
-0.28816739722511725
-0.13932399353173427
-0.1108677948635773
-0.30042790089637417
-0.1298412189434897
-0.234273480674873
-0.022378258254815233
-0.02767083796557365
-0.052606996512408126
-0.060673048401090154
-0.0481763911841566
-0.035754431997045026
-0.31392884019901435
-0.17756133883509376
-0.19354009202056985
-0.290368839607423
-0.19272839670202102
-0.13854486445508873
-0.009940762476153388
0.0
-0.01
0.0
-0.0010535729499175227
0.0
-0.205914458924898
-0.20954797538705022
-0.16044901451071952
-0.21931977943100947
-0.17657514214925799
-0.1815282851694513
-0.020300123471034798
-0.04431258251361204
-0.017264307862303128
-0.03683393059784097
-0.06948428161744723
-0.027858307687750702
-0.24285875094340756
-0.03620487524073046
-0.2118439411717356
-0.23330295165333306
-0.11040402549010757
-0.08238500252648137
-0.010048483418040415
0.0
0.0
0.0
0.0
0.0
-0.22134230821075743
-0.15114804207947463
-0.30041243897986664
-0.21390484721104158
-0.24972443278109335
-0.20056449029691595
-0.05780211105892533
-0.04122533475636615
-0.022628218100753408
-0.031070854291216612
-0.025578926339372855
-0.027865020538995044
-0.18628133016884274
-0.08098150804427716
-0.2193335709150299
-0.2202910340823991
-0.11128456448162927
-0.13720088149399162
0.0
0.0
0.0
0.0
-4.137668908495718E-4
-3.529138591661073E-4
-0.12253744974513407
-0.1804020809499274
-0.08041030263641624
-0.14224426217553898
-0.13075767351896392
-0.16469300705691609
-0.02735304942974904
-0.01102777385099556
-0.01900204088712581
-0.02757591792147278
-0.009630853800255202
-0.025148336358223892
-0.18274768466398172
-0.2519134436989311
-0.1685084312101136
-0.19420049043397578
-0.19886361728135674
-0.2820093293486784
-0.030377382477692876
-0.02004500958488904
0.0
-4.1314321306671855E-4
0.0
0.0
-0.24360390996606912
-0.19764194117267514
-0.14634456053704098
-0.16227888064922957
-0.22259233439744086
-0.26070329578868306
-0.018315485700418244
-0.029630902794833346
-0.05362632200948803
-0.025689626824267266
-0.03573760549702503
-0.03712136356529415
-0.3189774251336665
-0.35747539998421207
-0.2985564840873291
-0.42078647960883947
-0.31190668122358317
-0.3043388717116173
-0.010522193436164434
-7.734565340889539E-4
0.0
0.0
0.0
-0.010934463068374797
-0.146537332445492
-0.2378777223716629
-0.18097081004747378
-0.17734404373882187
-0.14896786711193266
-0.11569381305859945
-0.04112601927691795
-0.02643191480449316
-0.022414321638727905
-0.036955872078119484
-0.025093387986908144
-0.014388046430968226
-0.24524554846514365
-0.265065450052498
-0.2622291298461354
-0.25580247573019266
-0.31267406079211774
-0.26389939351628977
-0.02094328925584183
-0.021257231006950407
0.0
0.0
-5.474167659266007E-4
-0.02061626501534553
-0.13802011047086404
-0.18839898517910145
-0.14482270558912697
-0.15161267358032904
-0.25420527473835425
-0.1763873518560234
-0.02890805013125434
-0.007257307167310337
-0.019937128413521136
-0.02649333978749782
-0.03698604038081192
-0.018730513815553372
-0.23531463216763668
-0.3002299519954186
-0.14956170852435846
-0.36138697408691695
-0.24984041444482752
-0.2536203163637959
-0.011174251169185178
0.0
0.0
0.0
-6.349971080250564E-4
-1.3617032338124334E-5
-0.14739577329271197
-0.2244149850641453
-0.1809201059460042
-0.11433785222607001
-0.10158146579667972
-0.2877098794287186
-0.016387727806683138
-0.025766174429935843
-0.007458530263712676
-0.02577904195043509
-0.04416111177751807
-0.006074752097080761
-0.0012835882633786305
-0.21433058018910228
-0.07826248497155228
-0.023768049682475475
-0.13379256429281464
-0.19542137451892713
0.0
-0.00994166516993705
0.0
0.0
0.0
-0.010007778574156441
-0.14102938157256195
-0.2629583789847407
-0.20828016322200432
-0.19612903595213665
-0.20849328237759351
-0.1454074571273487
-0.028826044202435463
-0.025273525904180288
-0.026493803520560324
-0.008031350932894499
-0.017364764051745852
-0.02411388121279189
-0.03065140813885731
-0.1120273262965921
-0.03797300096339825
-0.11733017428312621
-0.19242843444559923
-0.2533132893958242
0.0
0.0
0.0
-5.379162960895098E-4
0.0
-0.010075753826780203
-0.2417340194601155
-0.18683244618583225
-0.21270750477462336
-0.1916187640228726
-0.3048618433513333
-0.1892153306809916
-0.005324105012029413
-0.033035306073812706
-0.019101904784478103
-0.005621290661432758
-0.012178950517903808
-0.01433513647376046
-0.0472484103116381
-0.2559834259518191
-0.027492488929389405
-0.04585844789387557
-0.24160065587350532
-0.29943852490189776
-5.534868352476308E-4
-0.010002017054571533
0.0
0.0
-0.020065037696520262
-0.019981458015380163
-0.12275775877560458
-0.14612947505398466
-0.12347813827253616
-0.1751328950175475
-0.3287605708490577
-0.18707813332110282
-0.03321207491643259
-0.021880481289794248
-0.04558278714276121
-0.037157650238259524
-0.01931432401358138
-0.020568165201859837
-0.0926864108924746
-0.3847613225098962
-0.02814140137524153
-0.07555113519481403
-0.1512527020342434
-0.15762387977966968
-0.01040813263003109
-0.010111326169027799
0.0
-2.6937911875446295E-4
0.0
-0.009805682274497178
-0.15266275708619378
-0.050322182028919374
-0.16115397948075064
-0.12168127765117628
-0.21103034659033068
-0.22832044386275055
-0.026103803151093407
-0.025190269088467682
-0.012971387203180642
-0.024149455885680435
-0.013880645720701239
-0.023771329802359346
-0.17108411103022822
-0.18780208855156635
-0.2463799545648921
-0.19741818704686545
-0.19952556651244693
-0.16250313370578984
0.0
-3.9962771903770075E-4
-2.8130526418419923E-4
-7.28383698148348E-4
0.0
0.0
-0.14359870292170315
-0.21978423657165533
-0.09870199828471289
-0.14580905323477308
-0.1292745873780778
-0.20811672585172208
-0.005002982811357278
-0.0052236915080637195
-0.023145203659820306
-0.005689823457844664
-0.014163335088422277
-0.004476779139787318
-0.14733874851121545
-0.0915544220395918
-0.11505983806014838
-0.1342707283362746
-0.17494293727405422
-0.23585878526904222
-0.010084607514627334
0.0
0.0
0.0
0.0
-0.010071983641178442
-0.1723822770613507
-0.019934797073198656
-0.1281813712718903
-0.1505685243719003
-0.16564049959301477
-0.21524789903567912
-0.024953394019739523
-0.006418560548778524
-0.0180792885166084
-0.005873584700576901
-0.024861710618941567
-0.014847267942114783
-0.19478525772298053
-0.22918958289222505
-0.14490210247394922
-0.16668605297135664
-0.2546148352913166
-0.19846406098681443
-4.829778355195901E-4
-0.010003986956822697
-0.020753108215815025
0.0
0.0
0.0
-0.20341246375212108
-0.19577316006994125
-0.2314196773009527
-0.1321493098723459
-0.22896673489184557
-0.20151883906235746
-0.016662196709308276
-0.0052015273541229
-0.02536302693665592
-0.015323304028836249
-0.004824011760922084
-0.005104372803532474
-0.1410393012177415
-0.06608904309044285
-0.10825768783361815
-0.10991663835909074
-0.11542694813554528
-0.15162101507992282
0.0
0.0
0.0
0.0
0.0
0.0
-0.25014189741997717
-0.16143149791599012
-0.20036888812494275
-0.18526367296193158
-0.23633500584443382
-0.30147584196140054
-0.026684206432248118
-0.03389375720379676
-0.015355606958195777
-0.015930969324601127
-0.024861652312034917
-0.025429394823552023
-0.24873995825848622
-0.09561533373781998
-0.2628331825682908
-0.23210106940733616
-0.0770766341028787
-0.08737572777947719
-4.908540864999786E-4
0.0
0.0
-0.009999074092619669
-0.0012847919797002462
0.0
-0.17982003730654664
-0.12983684623777078
-0.12073920106008794
-0.19764529917367546
-0.23397814350346613
-0.22683232462345287
-0.009303006633246185
-0.016540953831928072
-0.01767560285406882
-0.013833486614177277
-0.027530005549600205
-0.018424377263114997
-0.2961099473930806
-0.0935647147645878
-0.3391461882500434
-0.3862807955719106
-0.09441454849125658
-0.08710375469858989
-0.010165521376817553
0.0
0.0
-0.020330451639716494
-0.0010190794338906612
0.0
-0.2561394586173091
-0.19182108157508812
-0.20971353235721082
-0.2228484460677635
-0.13507332239121278
-0.2071635195154438
-0.02614051703005815
-0.01576811275809238
-0.01413826317716625
-0.003722368388460711
-0.017623370951477303
-0.006224620182430263
-0.26490979783821245
-0.03487535663667588
-0.26044357875526847
-0.1234287512900567
-0.033209590533049047
-0.08737888316543035
0.0
-1.089278463953091E-4
-0.010001362641221243
0.0
-4.8020627447049375E-4
-5.833961079507371E-4
-0.2718250872958694
-0.16065671920155442
-0.11749171531032637
-0.20028877770884565
-0.20840954925584199
-0.12877721527970354
-0.027758455028936566
-0.022645545770772095
-0.023472742706527005
-0.053141361023956335
-0.007349514714672488
-0.017817807563591106
-0.27558891568186666
-0.10136935571094496
-0.22735656620661038
-0.22947616154740394
-0.14294141668355118
-0.12242829305214298
-0.01035491720447993
-0.01035491720447993
0.0
0.0
0.0
-5.065414091218716E-4
-0.0886669330223921
-0.10888963180648759
-0.17295023179267566
-0.2592284784222353
-0.17039734200849882
-0.27749894656497287
-0.026245648911727544
-0.03561841654946805
-0.026895487414303042
-0.017255179017858384
-0.006463739470273016
-0.01622017602457805
-0.20220946134982826
-0.1566450549822544
-0.10142776688503807
-0.17309074041035408
-0.12232783934886672
-0.09966827360083276
0.0
0.0
-2.720983938312223E-4
-0.010129950461722544
0.0
0.0
-0.18249205414393285
-0.16331796403504462
-0.16555719791492493
-0.1845091620918201
-0.20145401049815453
-0.11916706250104982
-0.013888004238773436
-0.003280128867788652
-0.0025834478186863904
-0.001652608271033875
-0.01547352048590625
-0.022914218680730965
-0.10604287581268523
-0.15725442280903498
-0.12451231726142964
-0.13478356125656032
-0.09275258753021615
-0.12386734061962093
-6.050230574648065E-4
0.0
0.0
-9.571453026582524E-5
0.0
0.0
-0.2369258395114196
-0.19943038558949697
-0.13665274462752156
-0.17369448283761244
-0.056774898614449634
-0.29565731713826726
-0.007720271787479721
-0.03474708475182553
-0.01570039516850944
-0.02387699730883387
-0.016837427110148174
-0.004439611442122589
-0.1339633029785516
-0.14779354494728028
-0.11229537703208563
-0.1282474964010855
-0.1395021764340305
-0.17260907078820084
0.0
0.0
0.0
0.0
0.0
-8.12344051900008E-4
-0.20869157456452317
-0.12916354179187087
-0.16629094591710528
-0.1570190460291473
-0.18462457964744752
-0.06611837572732679
-0.014234287472580997
-0.014413735105563107
-0.01171124088740635
-0.015220295628208863
-0.025826107385136046
-0.005779454983771486
-0.1331659577850124
-0.19614630152684326
-0.16636921719924094
-0.1324083268743025
-0.18010082201169753
-0.13193149178120034
0.0
0.0
0.0
0.0
-0.010796479970943396
0.0
-0.1556790476573781
-0.12604967920871987
-0.19082837080854947
-0.20408089817261157
-0.2377975242327605
-0.2781837973248645
-0.013199818979913713
-0.011756701003616811
-9.878356966113175E-4
-0.0012812317937367266
-0.0211813746589812
-0.0014990872521909314
-0.022467109034255826
-0.1523336184053859
0.025989967305354085
-0.04002893549448207
-0.12718861487868588
-0.3505087196453063
0.0
0.0
0.0
-9.551173154710374E-4
0.0
0.0
-0.22582823938103141
-0.319464186957049
-0.11820475622908401
-0.1932981441976773
-0.12121128704963453
-0.23675486250245997
-0.003979002813924062
-0.004333474559885829
-0.003597132314487462
-0.0029958795043243413
-0.04101572430365762
-0.004494549160779216
-0.02757573398180045
-0.24415286948787662
-0.022598211810770485
-0.0265591517355032
-0.19977899247287775
-0.3000187656523421
0.0
-0.010001682943009885
0.0
-5.087879224420914E-4
-0.010059174848113488
-0.029766086530392658
-0.358074498682379
-0.14771479841301122
-0.24759946493186338
-0.12034094235659404
-0.21288717680856015
-0.21333908525172107
-0.002764757527165017
-0.002935758726423603
-0.0012705446297092793
-0.011790985827091982
-0.0055742360487509275
-0.002042776129474385
-0.006546183292201895
-0.106069686297364
-0.016232495977670163
-0.016371559418949737
-0.13183342702913936
-0.14036689999849067
0.0
0.0
-8.96792400941644E-4
0.0
0.0
0.0
-0.1336813960673087
-0.3377670168965056
-0.2529133956557251
-0.11283734022619374
-0.1779245843079696
-0.19455036698383152
-0.0014581162074045573
-0.031074556522370053
-0.021968452665414497
-0.015264842383564962
-0.005551858873429611
-0.003745305266917021
-0.03366383012704502
-0.15741338611114009
-0.03429013284901101
0.011979511688563744
-0.12279238144307572
-0.1976855116463769
0.0
0.0
0.0
0.0
0.0
0.0
-0.14560997920310184
-0.1716631503310907
-0.14888039913865814
-0.18813687891237685
-0.2636055192283606
-0.2642006267030214
-0.013211558165305608
-0.013378565421100538
-0.014241739379824722
-0.011856301010999562
-0.0052323904337999005
-0.014316002311150109
-0.13074260061751955
-0.06973727848886233
-0.14312543818336573
-0.12186028878219143
-0.07853103245678161
-0.07693281347890556
0.0
0.0
0.0
0.0
0.0
0.0
-0.22183918366430197
-0.20623759844345668
-0.17357513613869496
-0.19113884921639027
-0.12492039594339006
-0.09854555322862778
-0.0014698520543524073
-0.02192887570294047
-0.0013298112426245634
-0.020890771424617822
-0.00105856285109427
-0.0024024016573691892
-0.10555200336866631
-0.06940228799703227
-0.07798847372754897
-0.07885401927406616
-0.05990215526455872
-0.09775470546362558
0.0
0.0
0.0
0.0
0.0
0.0
-0.23403368269563754
-0.13449124643373217
-0.17395341268755313
-0.15165349639773998
-0.2410936366754874
-0.1548957084424535
-0.012330555187682635
-0.0035878571840101104
-0.011867632152540324
-0.002226030623320151
-0.012688872353557926
-0.022855151530517932
-0.24522036028861527
-0.15376186753727364
-0.14861232674485317
-0.16020221969571594
-0.19564970378808802
-0.1761280863120285
-0.04029162152413688
0.0
0.0
0.0
-0.010384138888490891
0.0
-0.143664662380794
-0.20995313641115987
-0.14485404951730765
-0.22359000112249172
-0.2028144709223721
-0.13401305828413534
-0.012833956941041759
-0.0017949884089385304
-0.0031615734789081328
-0.022696971626419957
-0.0013741783604927361
-0.003189227201487152
-0.12350993423637961
-0.095514444033856
-0.09714614010439707
-0.11588396809511547
-0.12770173136009794
-0.11505329819512965
0.0
0.0
-1.4749564370985718E-4
0.0
0.0
0.0
-0.24032071970506702
-0.2825434911005549
-0.183708843403017
-0.23256539150789327
-0.22970066511957335
-0.15770679676433524
-0.012471949590944987
-0.0017992509501637344
-0.012679345848458624
-0.002629341699761787
-0.012489921463171802
-0.0024741388014129628
-0.10550214865304404
-0.06281290390507654
-0.1516099456554723
-0.078484634774619
-0.05311311361855989
-0.06306085235749881
0.0
-6.314992010692357E-5
0.0
-0.029911011275135506
0.0
0.0
-0.2928724570106163
-0.198500733885845
-0.12431381404183946
-0.17811589615558837
-0.1259809515133836
-0.13586453171375304
-0.005172955296016775
-0.03131260614155611
-0.01570390987388702
-0.033436057044763205
-0.013644828948332683
-0.014968998923182963
-0.24319949890495182
-0.04444821208909887
-0.14799495620513115
-0.13919853631692902
-0.006536434180544198
-0.05309426950406349
-0.010024907380079504
0.0
0.0
0.0
0.0
0.0
-0.25626150732735936
-0.21020187671441784
-0.2660414741316604
-0.2394498241120309
-0.13997446525055787
-0.13499037971517006
-0.001074068366040092
-0.0012381015696205444
-0.01092708048729171
-0.0011553892549303509
-6.989262170868172E-4
-0.003819611151544418
-0.13392738480558095
-0.08292932798200166
-0.09645139252812525
-0.10647490404749232
-0.025008054818264222
-0.11601976052349418
0.0
0.0
0.0
0.0
0.0
1.9760720000000002E-4
-0.2199398514208976
-0.20208998849308
-0.31074928722644424
-0.1956193608662303
-0.15368055390352442
-0.09126180141133006
-0.012855094852729725
-0.017097471557963248
-0.005882900596755897
-0.034100490640549666
-0.015571937061964356
-0.007283177865291512
-0.1982759606947072
-0.10417521118864775
-0.23995850655240164
-0.23025615740019703
-0.0841365972904615
-0.09293268010209231
-0.01024569223232693
0.0
0.0
0.0
0.0
0.0
-0.10603180042458178
-0.2732875380014054
-0.1793262901882293
-0.2529050300259332
-0.19358809357507112
-0.2482815771880637
-0.013392129873884768
-0.015778723424919337
-0.016040811147352774
-0.005155850767624309
-0.015361590560140182
-0.02311485831276517
-0.13152334393106588
-0.16510713875809577
-0.12719780482766313
-0.11308291085613623
-0.205419809174771
-0.134059623347971
0.0
0.0
0.0
-5.025650030955522E-4
0.0
-4.700414561952188E-4
-0.24005948043527142
-0.14363944828477082
-0.2867477859022485
-0.21386774030922376
-0.19646415458961466
-0.23103336965292728
-0.004158448676656524
-0.011564008065428493
-0.004572173162084706
-0.012023776069183041
-0.014986165891957504
-0.003995350636641112
-0.05055344910488073
-0.11611180390547693
-0.062208582643540594
-0.033519012194037294
-0.15297289789842503
-0.0611570052251563
0.0
0.0
0.0
0.0
-0.010093225843215122
0.0
-0.08228278005859457
-0.11848575363273132
-0.22265033877708765
-0.17733894096887612
-0.21198798880065683
-0.2613678666216148
-0.013501931332276194
-0.005919694437417982
-0.016832731894460967
-0.005997780690002429
-0.0032490878939563264
-0.014338120922313805
-0.26628841139766196
-0.3004506224583007
-0.27957792606570686
-0.24993305816590966
-0.3419601128258039
-0.3220497964751246
0.0
0.0
0.0
-0.010321769301604168
-0.010011504742926008
-0.010407892231579632
-0.26506945772046303
-0.23254036836857692
-0.18415231182814884
-0.16082401621230927
-0.20575425961668473
-0.15345643719089708
-0.0018291980418180978
-0.012740148903270519
-0.0015183495031930979
-0.001659547707367492
-6.731996929535011E-4
-0.010460040192127021
-0.10682697087396087
-0.07763390441857827
-0.09075134015481565
-0.06834079560143459
-0.0703047027900594
-0.06853558322069375
-6.142700990223708E-4
-0.01
0.0
0.0
0.0
0.0
-0.1995338645673984
-0.1400324487369658
-0.17528251980980192
-0.15791834886776387
-0.10021679125370758
-0.1332975373254751
-6.815604244950388E-5
-2.2276926865446244E-4
-9.391146506163633E-4
-4.531325955799789E-4
-4.74300191869884E-4
-3.851217620132426E-5
-0.04992369863503773
-0.0199
-1.0489810976963641E-4
-3.930840565775319E-4
-0.019939696462469667
-0.03970141959243908
0.0
0.0
0.0
0.0
0.0
0.0
-0.10076476235385645
-0.2044843580693174
-0.1469968232737971
-0.16455182357246542
-0.13849028057822135
-0.12658089206694384
-7.979829331575038E-4
-0.011592229343181356
-0.011235561622303365
-2.3339602615772673E-4
-4.508933761417244E-4
-0.0010208587101985748
-8.524119725464267E-4
-0.06793861039487857
-0.020018671157061713
-0.02051464008151768
-0.08631889350183851
-0.04894824817727853
0.0
0.0
0.0
0.0
0.0
0.0
-0.06968230838354647
-0.18421281013327348
-0.10828712806296108
-0.1151221634697367
-0.17091927764025502
-0.2806212056675839
-3.7759009884332537E-4
-8.687249379841352E-4
-1.0021808944091756E-4
-5.062051193262179E-4
-1.250789282335798E-4
-2.0137418173350686E-4
-0.010033139128339374
-0.02974029264286128
-0.010452944366939705
-0.009954199243813801
-0.05820185437280627
-0.01
0.0
0.0
0.0
0.0
0.0
0.0
-0.19361026100033046
-0.1597098186638202
-0.14180144205702186
-0.11793099478572315
-0.13167531911068056
-0.19782520326412575
-9.19099132697138E-4
-0.0013760526053552258
-7.131834782852113E-4
-0.001079604759908885
-0.009969463586187794
0.0
-0.01077614772647617
-0.049165933243145526
-0.010609874947526871
-0.0672262898223398
-0.15088773128442737
-0.09603748171882469
0.0
0.0
0.0
0.0
0.0
0.0
-0.20381142101621
-0.07059059823473625
-0.17162056028469866
-0.0863009254057342
-0.04481431367834973
-0.11608455625001021
-2.8941380068694505E-4
-3.221692270522625E-4
-5.909227285967031E-4
1.8974775913042666E-4
-3.0805428860326443E-4
1.8709736928091236E-4
-0.07636432485269946
-0.019241366685011103
-0.05846385026713098
-0.03916535024851843
-0.010454727966391481
-2.0043445698431935E-4
0.0
0.0
0.0
0.0
0.0
0.0
-0.02085715260613718
-0.0988900579465688
-0.19375596960328406
-0.03143628164606269
-0.11932380336591382
-0.11249434358167845
4.870847226359602E-5
0.0
4.4462917783265907E-4
0.0
-3.418535801374163E-4
-2.0462784543198433E-4
-0.09688326209496301
-0.08606716659060669
-0.07274268001515624
-0.0664265859933236
-0.029529156543225556
-0.11468304403513889
0.0
0.0
0.0
0.0
0.0
0.0
-0.14095705267339892
-0.12329409624363583
-0.20331973322258176
-0.12696272081579488
-0.23476744161282861
-0.2200195468986258
-0.010424663109325629
-9.470709600310472E-4
-4.8441684257982296E-4
-0.0018877156378088685
3.1973470758799396E-4
-0.001163953883161541
-0.039020886020653324
-0.03016614915382105
-0.05807788978519588
-0.08480156975568659
-0.029818553196741242
-0.049038567208807504
0.0
0.0
0.0
0.0
0.0
0.0
-0.08238936851031808
-0.1894951414938888
-0.18744357025895692
0.007441026436163134
-0.05927289917282244
-0.05178607387792402
-5.337939828518247E-4
-1.4221066070127893E-4
-5.210798108682683E-4
2.3903462748180027E-6
0.0
0.0
-0.02974052783472956
-0.01994
-0.07672158096970283
-0.029182777495105696
-0.019873541751611518
-0.019901873957887405
0.0
0.0
0.0
0.0
0.0
0.0
-0.14470637295469976
-0.13183067148636532
-0.17701933804623887
-0.21744677171035004
-0.07198554524683502
-0.20915159444127773
-2.5923102021634955E-4
0.03743264443213902
-7.511882747719892E-4
-0.010677706982866325
-3.62458098925943E-4
-0.011131721382559337
-0.03944512174701637
-0.0010587691943220324
-0.04905829581852837
-0.01
-8.981291191440409E-4
-8.009500508502283E-4
0.0
0.0
0.0
0.0
0.0
0.0
-0.2408653202668043
-0.18559892455345078
-0.23039204819772444
-0.21834497661337512
-0.16469798005709882
-0.19567150396156893
-0.02058736148036784
-0.0013696324201452764
-9.119640927713157E-4
-0.01064456584298811
-0.012320200769583742
-0.002284086493432878
-0.16785782707448976
-0.0219646115503783
-0.2155158548208218
-0.19398102058262734
-0.10542334470217024
-0.02279460133958376
0.0
0.0
-3.0068293696416585E-4
0.0
0.0
0.0
-0.06962090757827348
-0.034651071574289094
-0.1314584161927496
-0.12583530998254305
-0.08980077787285941
-0.1080167231107985
1.5492895278965204E-5
0.0
-4.498088310063117E-4
0.0
0.0
-1.0173984313771341E-4
-0.02004402484106511
-1.7318347049417182E-4
0.0
-0.009999999994971889
-0.0012521520972443808
-3.221065365560336E-4
0.0
0.0
-0.009999999994971889
0.0
0.0
0.0
-0.1534339647456648
-0.23916591009456892
-0.33146586484720864
-0.16919854507305915
-0.22832454770505192
-0.12090642178623458
-0.0030430987834076544
-0.0117881386647587
-8.078889833760389E-4
-7.591853340438468E-4
-0.010987688381062979
-3.241279907287152E-4
-0.14062787617819938
-0.023307629552665746
-0.05852250828102467
-0.11406456540352461
-0.04260426005069083
-0.07080549655237817
0.0
-2.9966390723488865E-4
0.0
0.0
-4.952058576984296E-4
0.0
-0.1539826466921752
-0.08743167493994718
-0.19243794509983603
-0.15975798548641532
-0.2091232688422143
-0.22312550527057176
-0.02142970822164398
-0.0010183073199734507
-0.0017347755778320461
-0.0011746253260495872
-0.011772596214637688
-0.002037709291888911
-0.0775307585278939
-0.06844635354034942
-0.03985826673676568
-0.06858113723953528
-0.0773411047732943
-0.06808446450072425
0.0
0.0
0.0
0.0
-3.7411740232541233E-4
0.0
-0.05668822357541006
-0.06355343462612885
-0.13804738618650797
-0.15246465197339118
-0.09807732944403763
-0.14062993030906995
-1.7106757838257697E-4
-7.606249601833622E-5
-0.009999999999979806
-4.471742599255812E-5
-0.010104702103923384
-7.328672081024103E-5
-0.019940574138088953
-0.01
-0.020128121619077812
-0.029743098346743067
-0.020026774959519857
-0.01015411921352628
0.0
0.0
0.0
0.0
0.0
0.0
-0.18451585945987958
-0.1501641953138936
-0.08091549542490259
-0.18090568456289918
-0.18478515558236178
-0.12826936365501823
-0.0010461490395225325
-1.552139372401651E-4
-4.896068273845026E-4
-0.010262193554055605
-2.540467444444062E-4
-2.764444769673674E-4
-0.02089895651017557
-0.0489082997259989
-0.09466088187081344
-0.03982751648934555
-0.039515639480029965
-0.02976666647608901
0.0
0.0
0.0
0.0
0.0
0.0
-0.11613137019323523
-0.09018276333843131
-0.06368307307556337
-0.026265308776007888
-0.06737724644965817
-0.18162974655894423
-1.2959361318686473E-5
-1.7656669257685575E-4
0.0
-0.010044809434571377
-0.010077220438653996
-1.9894582871097713E-4
-0.019305109663499055
-0.029898879929245954
-0.04910697999999985
-0.020095718456912864
-0.03997591387145523
-0.03871431172700776
0.0
0.0
0.0
0.0
0.0
0.0
0.0
-0.00970299
-2.626232652229645E-5
-0.057549502495
-1.3760255563276894E-7
-0.01011336662319251
0.0
0.0
0.0
0.0
0.0
0.0
0.0
0.0
0.0
0.0
0.0
-0.01
0.0
0.0
0.0
0.0
0.0
0.0
-0.009509900499
-0.0099
-2.9819113563683516E-4
-0.009982591472616481
-0.010304320139207035
-0.01
0.0
0.0
0.0
0.0
0.0
0.0
0.0
-0.0199
0.0
0.0
-0.0298
-0.029900000000000003
0.0
0.0
0.0
0.0
0.0
0.0
0.0
-0.0480299372769403
-0.010048104377614409
0.0
-0.01931480149401
-0.0185481004233491
0.0
0.0
0.0
0.0
-0.01
0.0
-0.01
-0.04910698
0.0
0.0
-0.01974
-0.0199
0.0
0.0
0.0
0.0
0.0
0.0
-0.009340853797280375
-0.026690058370258
-0.05689431630528408
-3.27836710803811E-5
-0.07695211920456231
-0.03847935155335182
0.0
0.0
-1.3432969773932402E-7
0.0
0.0
-1.4067552238697817E-7
-1.3432969773932402E-7
0.0
-2.752848523724633E-7
0.0
0.0
-0.01
0.0
0.0
0.0
0.0
0.0
0.0
-0.025588553428343076
-0.007301674480515548
-0.013895796586505154
-0.016054457573664263
0.023133865733904694
-0.0331230356367285
0.0
0.0
0.0
0.0
9.309402709820802E-5
0.0
0.0
0.0
0.0
1.077775619047004E-4
-0.029700999999999998
-0.01
0.0
0.0
0.0
0.0
0.0
0.0
-0.008968169034509673
-0.018169667051508628
-0.01787840061206416
0.0
-0.009070104340104974
-0.047549502495
0.0
0.0
0.0
0.0
0.0
0.0
0.0
-0.0099992143137728
1.9642155680000002E-4
0.0
-0.029798436484407873
-0.0099992143137728
0.0
0.0
0.0
0.0
0.0
0.0
-0.026900576801355568
-0.01843151048840131
-0.029181952485404207
-0.07687482767314877
-0.03767110345652021
-0.01005925665394469
0.0
0.0
0.0
0.0
0.0
0.0
0.0
-3.510084091995873E-5
-3.670448699586699E-5
0.03959838015547888
0.0
-1.6493551395367587E-6
0.0
0.0
0.0
0.0
0.0
0.0
0.0
0.0
0.0
0.0
0.0
0.0
0.0
0.0
0.0
0.0
0.0
0.0
0.0
0.0
0.0
0.0
0.0
0.0
0.0
0.0
0.0
0.0
0.0
0.0
-0.00952818469849199
-0.0683709962166033
-0.00973784995426762
-0.04702751039438099
0.040052520646309944
-0.008829730352326553
0.0
1.6215004573238203E-4
0.0
0.0
0.0
0.0
-0.02
0.0
0.0
0.0
0.0
0.0
0.0
0.0
0.0
0.0
0.0
0.0
-0.048157847641408895
0.0370936607407253
-0.017791124799243156
-0.04978217820903282
-0.06605529141343486
-0.0071328083622276975
0.0
0.0
0.0
0.0
0.0
0.0
-0.09703717949659367
1.5107775885716962E-4
-0.0199
-0.0297002
0.0
1.483746429629012E-4
0.0
0.0
0.0
-0.01
0.0
0.0
6.300680974528602E-4
-0.049654685391892946
-0.036950550048941176
-0.055126241398505936
0.029061232838943678
8.374205263595991E-4
0.0
0.0
0.0
0.0
0.0
0.0
0.0
1.5824480000000004E-6
-0.0298
-0.0099992
2.0000000000000004E-4
1.1624493135577472E-4
0.0
0.0
0.0
0.0
0.0
0.0
-0.03003158993788343
-0.025997256149103372
-0.006374002497027347
0.03689026190684659
-0.007697419140738457
-0.01649753622956224
-0.01
0.0
0.0
1.9445734123200003E-4
0.0
0.0
0.0
0.0
0.0
0.0
3.980000000000001E-4
0.0
0.0
0.0
0.0
0.0
1.4756104762738637E-4
0.0
-0.046329662192753834
-0.008687401193384427
1.451800367692029E-6
-0.034366091180105265
-0.0635862044976793
-0.018896950013740987
0.0
0.0
0.0
0.0
0.0
0.0
-0.01
0.0
0.0
0.0
-0.01
-0.01
0.0
0.0
0.0
0.0
0.0
0.0
-0.01
-0.00941480149401
0.0
-0.019214671664233605
-0.09832127518328002
1.501712923040266E-4
0.0
0.0
0.0
0.0
0.0
-0.01
0.0
0.0
0.0
0.0
0.0
-0.01
0.0
0.0
0.0
0.0
0.0
0.0
-0.04515629414255197
0.036096688444049424
-0.00889854311108548
-0.02842143492346429
-0.008647553178175458
-0.016838324990914477
0.0
0.0
0.0
0.0
1.470172175890194E-4
0.0
-0.00999941896678561
1.4438675377619772E-4
-0.029799424777117757
-0.01
2.8819247433800425E-4
0.0
0.0
0.0
0.0
0.0
0.0
0.0
-0.00913477060807678
3.785665349431224E-4
-7.216986879531165E-5
5.2104762546812576E-6
1.4902675733393083E-4
-0.009604438374404294
0.0
0.0
0.0
0.0
0.0
0.0
1.5142661397724897E-6
0.0
0.0
0.0
0.0
0.0
0.0
0.0
0.0
0.0
0.0
0.0
0.0
0.0
0.0
0.0
0.0
0.0
0.0
0.0
0.0
0.0
0.0
0.0
0.0
0.0
0.0
0.0
0.0
0.0
0.0
0.0
0.0
0.0
0.0
0.0
0.0
0.0
0.0
0.0
0.0
0.0
0.0
0.0
0.0
0.0
0.0
0.0
0.0
0.0
0.0
0.0
0.0
0.0
0.0
0.0
0.0
0.0
0.0
0.0
0.0
0.0
0.0
0.0
0.0
0.0
0.0
0.0
0.0
0.0
0.0
0.0
0.0
0.0
0.0
0.0
0.0
0.0
0.0
0.0
0.0
0.0
0.0
0.0
0.0
0.0
0.0
0.0
0.0
0.0
0.0
0.0
0.0
0.0
0.0
0.0
0.0
0.0
0.0
0.0
0.0
0.0
0.0
0.0
0.0
0.0
0.0
0.0
0.0
0.0
0.0
0.0
0.0
0.0
0.0
0.0
0.0
0.0
0.0
0.0
0.0
0.0
0.0
0.0
0.0
0.0
0.0
0.0
0.0
0.0
0.0
0.0
0.0
0.0
0.0
0.0
0.0
0.0
0.0
0.0
0.0
0.0
0.0
0.0
0.0
0.0
0.0
0.0
0.0
0.0
0.0
0.0
0.0
0.0
0.0
0.0
0.0
0.0
0.0
0.0
0.0
0.0
0.0
0.0
0.0
0.0
0.0
0.0
0.0
0.0
0.0
0.0
0.0
0.0
0.0
0.0
0.0
0.0
0.0
0.0
0.0
0.0
0.0
0.0
0.0
0.0
0.0
0.0
0.0
0.0
0.0
0.0
0.0
0.0
0.0
0.0
0.0
0.0
0.0
0.0
0.0
0.0
0.0
0.0
0.0
0.0
0.0
0.0
0.0
0.0
0.0
0.0
0.0
0.0
0.0
0.0
0.0
0.0
0.0
0.0
0.0
0.0
0.0
0.0
0.0
0.0
0.0
0.0
0.0
0.0
0.0
0.0
0.0
0.0
0.0
0.0
0.0
0.0
0.0
0.0
0.0
0.0
0.0
0.0
0.0
0.0
0.0
0.0
0.0
0.0
0.0
0.0
0.0
0.0
0.0
0.0
0.0
0.0
0.0
0.0
0.0
0.0
0.0
0.0
0.0
0.0
0.0
0.0
0.0
0.0
0.0
0.0
0.0
0.0
0.0
0.0
0.0
0.0
0.0
0.0
0.0
0.0
0.0
0.0
0.0
0.0
0.0
0.0
0.0
0.0
0.0
0.0
0.0
0.0
0.0
0.0
0.0
0.0
0.0
0.0
0.0
0.0
0.0
0.0
0.0
0.0
0.0
0.0
0.0
0.0
0.0
0.0
0.0
0.0
0.0
0.0
0.0
0.0
0.0
0.0
0.0
0.0
0.0
0.0
0.0
0.0
0.0
0.0
0.0
0.0
0.0
0.0
0.0
0.0
0.0
0.0
0.0
0.0
0.0
0.0
0.0
0.0
0.0
0.0
0.0
0.0
0.0
0.0
0.0
0.0
0.0
0.0
0.0
0.0
0.0
0.0
0.0
0.0
0.0
0.0
0.0
0.0
0.0
0.0
0.0
0.0
0.0
0.0
0.0
0.0
0.0
0.0
0.0
0.0
0.0
0.0
0.0
0.0
0.0
0.0
0.0
0.0
0.0
0.0
0.0
0.0
0.0
0.0
0.0
0.0
0.0
0.0
0.0
0.0
0.0
0.0
