-0.849907247918553
-0.834963542937835
-0.808231523950994
-0.787023687077008
-0.811704893150911
-0.819168872910969
-0.830100649073190
-0.806545359662715
-0.837768418122017
-0.887767421508982
-0.840538272598163
-0.788770509542395
0.226017820422182
0.171349719945464
0.231207520178212
0.0741968785121736
-0.816339981865846
-0.813485538040130
-0.757402788645736
-0.821351658763647
-0.768090862111586
-0.793722194326141
-0.796045225982735
-0.803307594483403
-0.823767691411860
-0.841391335966786
-0.787523479268506
-0.804003306879964
0.0270246309882951
0.165050397643571
0.147624120027977
0.103324072745383
-0.809362782991237
-0.822745706439740
-0.829221861322081
-0.799832826624617
-0.804489877874473
-0.839096760736020
-0.805708278825960
-0.768175274952959
-0.866285441593444
-0.826801413274671
-0.792504103850401
-0.790216583693482
0.308634337806426
0.317780587655040
0.363152005536287
0.332817918536256
-0.835008198803041
-0.833475280418502
-0.766456185550905
-0.809820840940418
-0.802609889794848
-0.815858303519108
-0.791171047615682
-0.809605499827353
-0.829780734310645
-0.788459688414763
-0.772797200021568
-0.826751166386450
-0.178877579789919
-0.199741700255884
-0.161412015147934
-0.213190478819504
-0.829818660732073
-0.810212218304644
-0.831179787259210
-0.814380165480207
-0.818557996022600
-0.807730102253512
-0.815871838850444
-0.770419210349947
-0.837341047916708
-0.864879585579480
-0.811971464306190
-0.787803540696870
-0.628757677183263
-0.637893763520629
-0.607992840331721
-0.625134740287622
-0.816139148079753
-0.820479552820653
-0.800881172270460
-0.804120525568979
-0.802272459916923
-0.806106583849377
-0.769540404980294
-0.801317365166674
-0.832348985302562
-0.845024598136740
-0.815018998827934
-0.775540101380325
-0.723806038863851
-0.723581258806796
-0.720665467776746
-0.726573489127808
-0.820297263815497
-0.809997873935261
-0.765337589571754
-0.822007739033127
-0.813249319913713
-0.821001483172217
-0.834024542639525
-0.786550105878429
-0.878614609257954
-0.830311575191589
-0.811128239811680
-0.823209412183764
-0.649115346686605
-0.646038575254577
-0.656765880564620
-0.666826940685142
-0.816477196858770
-0.775932082827058
-0.813237141562016
-0.764772972080907
-0.816498096875512
-0.784166045715956
-0.814638682094016
-0.823058864303924
-0.847847569487117
-0.831975252250838
-0.759341527148994
-0.820005379828590
-0.770839215997219
-0.765915729455530
-0.765994802063643
-0.764024663869448
-0.878465726996245
-0.809378857974578
-0.852420347428053
-0.867850691274768
-0.823573301334190
-0.840082741026939
-0.841871419376933
-0.798605307295876
-0.859395050929528
-0.887104383842977
-0.826570025485763
-0.844407529387790
-0.764378381492962
-0.759317411427461
-0.772181090151078
-0.774171542519914
-0.823382168372436
-0.823227961932131
-0.821700309228459
-0.823752930389632
-0.849847691596711
-0.802088472964411
-0.832737356470939
-0.836616208395224
-0.862085363537962
-0.873527810272443
-0.836033258530362
-0.863474335031530
-0.823963103338184
-0.830723520368222
-0.829590386514180
-0.819811170432840
-0.850003874835287
-0.817356691493061
-0.809162398998235
-0.819847607780640
-0.844804558832640
-0.841163674853215
-0.838151511700049
-0.815627417741303
-0.917675357353363
-0.844127362727730
-0.843986969631896
-0.822469117773284
-0.794922404442714
-0.781808970004814
-0.764823833921166
-0.783629584745037
-0.812015662901627
-0.821492790232994
-0.827608892186340
-0.806365835793059
-0.827454290168311
-0.840254633831900
-0.830203724237287
-0.818763873745545
-0.882942657946814
-0.844401844079496
-0.852757864255640
-0.812208497937092
-0.825844115904757
-0.806654492226033
-0.819889555941649
-0.819355819413208
-0.930344108213911
-0.925194112924206
-0.882373645930263
-0.907748492005698
-0.848700768144735
-0.875370753677062
-0.873859649486909
-0.876350196654006
-0.892095672508539
-0.937329707466581
-0.878755129270480
-0.905834523426681
-0.809224210309387
-0.803272945551060
-0.798581641140186
-0.791594884522610
-0.932596155508014
-0.903135785050581
-0.881195350687350
-0.904603509069773
-0.894094629586952
-0.895342503232002
-0.874062765798106
-0.862924351484842
-0.889086186866904
-0.893970119426046
-0.893109253066845
-0.884366960771838
-0.852604364748815
-0.839187938128690
-0.819943381002637
-0.837652237230121
-0.893978881900890
-0.905950910362614
-0.897578859184787
-0.842148972880769
-0.878853499784176
-0.873030777931018
-0.874709730372815
-0.856437505932655
-0.906123037955094
-0.920000822872564
-0.869341463417048
-0.894580339313115
-0.801257046949892
-0.801358603881423
-0.784699110116703
-0.791325590095406
-0.857099774582901
-0.861377060530414
-0.846957729748004
-0.855576562846281
-0.880558595599697
-0.882900106250155
-0.854392796641319
-0.882518588583140
-0.920288829513182
-0.906569923149478
-0.893749654757714
-0.860573542649520
-0.842918429429285
-0.845382649313036
-0.850937794830628
-0.838944878279165
-0.893975555414430
-0.942973366822384
-0.921549792092241
-0.923825560593418
-0.930111563283957
-0.931430049418738
-0.931158805149500
-0.913376793410047
-0.927322732394454
-0.992023042453036
-0.922935763605602
-0.899852517510585
-0.571785135579908
-0.548314841187353
-0.572493767826029
-0.573970554805437
-0.916440378921016
-0.927660758919133
-0.881277238377982
-0.915864505634560
-0.933842710824982
-0.951378903307548
-0.917551098398773
-0.934959323313496
-0.944173219175246
-0.959151929802700
-0.914231147053643
-0.889793181310491
-0.910896792929040
-0.900993419998405
-0.893277842264324
-0.912817009659133
-0.931766195960561
-0.883159805067034
-0.908415188914498
-0.909526724641138
-0.930517797483945
-0.918003487761725
-0.886380262021582
-0.924957211751966
-0.993869127168270
-0.923610223296183
-0.897940604336392
-0.917918407362550
-0.853613787499106
-0.832458631709350
-0.830658777507614
-0.837770953306330
-0.916107062291584
-0.935768881626133
-0.893242167592726
-0.913724468866333
-0.924480465828426
-0.935044987873667
-0.893803042688238
-0.923581024109353
-0.976273728685152
-0.964363182243851
-0.935900555620697
-0.901544484348686
-0.894209559610160
-0.897156309283897
-0.893614430725789
-0.894087370003656
-0.844827163336102
-0.831756489169227
-0.866527260485604
-0.833784783078664
-0.809972847868344
-0.804694739435493
-0.814690478435748
-0.812414926196401
-0.845004691419952
-0.884302001020325
-0.811414759914390
-0.766012938112307
0.506345762474562
0.540175925676595
0.497366555543963
0.419012729035573
-0.852144296212241
-0.828745919116149
-0.747367106137822
-0.851954760316182
-0.798120828876450
-0.804457719565946
-0.798072490728311
-0.792055721762997
-0.857141371753207
-0.820309345363962
-0.776002213095770
-0.848726943968602
0.347784327247354
0.271611075673775
0.318343810270353
0.295576185408488
-0.787286891561660
-0.812904770860118
-0.799021954500394
-0.785562965344089
-0.820493660373169
-0.800064402408339
-0.768881527530612
-0.815806614609299
-0.824349757469179
-0.813321151748078
-0.786416868212944
-0.819928010317104
0.0944901084011502
0.136482986810310
0.173957163993556
0.156319254726903
-0.806395702200368
-0.826517552780731
-0.767502107406244
-0.822198872693754
-0.826052866889459
-0.815091071031203
-0.807394959672190
-0.796703316583651
-0.848676565684533
-0.820472623310702
-0.815631744412547
-0.839099657819398
0.0749535913516040
0.0290902912534008
0.0621982035928352
-0.00115049217449814
-0.818446988585838
-0.812369693166261
-0.815607637040700
-0.822747423330834
-0.809721097345976
-0.813263549792610
-0.797859443487387
-0.801409106154699
-0.836264463232719
-0.897738383667413
-0.778019756907512
-0.816376259379729
-0.682013280038588
-0.688214803382374
-0.677887014081686
-0.666010268926099
-0.829632107962622
-0.808261473456920
-0.782937891976102
-0.816915832172129
-0.809486717280476
-0.820339699806772
-0.820099714642411
-0.816235244495218
-0.842481007960349
-0.872293705001805
-0.790444882157461
-0.844320186160872
-0.697862341936377
-0.696757375419336
-0.691738523315145
-0.697549034743143
-0.823039791852346
-0.771481011850884
-0.818281583654431
-0.817581370625032
-0.815360638256929
-0.808134307116776
-0.819416994658850
-0.771235936341621
-0.885509675197349
-0.842011336219353
-0.809498841342465
-0.839246904912070
-0.615644349316278
-0.655215773686599
-0.606602388619991
-0.627903846653606
-0.791051643628180
-0.785306215525994
-0.774209980648835
-0.793157877006155
-0.808521821857189
-0.813845544476808
-0.797574440065708
-0.802024777284448
-0.818698494145200
-0.864089805166358
-0.830261318859258
-0.826573542317449
-0.698688504557155
-0.696338437002849
-0.710696975529986
-0.695538732732082
-0.834091652288025
-0.851221392031127
-0.857933067109245
-0.838579234132608
-0.825404902429322
-0.823915991712372
-0.839994323395635
-0.829101397086707
-0.861956716401521
-0.884777477640027
-0.869091026719646
-0.811255052107387
-0.790601592955561
-0.801700046636933
-0.793341911350081
-0.792319100898889
-0.832274409788932
-0.855534078047830
-0.872029756899879
-0.850137880628530
-0.838379422880018
-0.879466721474016
-0.828896100716619
-0.799358397122705
-0.862824604922414
-0.866223917652006
-0.790599847063057
-0.853774271952679
-0.807784657635753
-0.808990254460865
-0.798827183892267
-0.807840360235385
-0.845406676532322
-0.760777709766420
-0.831505876677973
-0.863631737912890
-0.834436859877169
-0.776142860810108
-0.819493423729009
-0.833041192501764
-0.911049156293497
-0.864760189980485
-0.872737364491675
-0.820190360386205
-0.777247501931400
-0.773894145293292
-0.774396464385686
-0.777412326494245
-0.848293377343960
-0.849689623134154
-0.857932076697660
-0.836551889263919
-0.840325219352505
-0.821443117211295
-0.798268739437771
-0.829766842297036
-0.886338097762937
-0.883366361974996
-0.826245227900746
-0.838621270795994
-0.833250922701835
-0.835697875869848
-0.828160513589909
-0.830021797019789
-0.893215739493242
-0.882880470846191
-0.888653929579728
-0.890398817086909
-0.863995841197971
-0.874039490879388
-0.872719755842125
-0.881629079428511
-0.902250934897872
-0.945223888240312
-0.841753876766043
-0.926421239789642
-0.791139375145608
-0.775611815637777
-0.782846158474774
-0.782013240248222
-0.884352917928486
-0.880735837892032
-0.877351733208970
-0.881624889133737
-0.857368496854310
-0.894866515889027
-0.882775078908044
-0.899087305985136
-0.897390319118950
-0.915831600892452
-0.830432008052957
-0.878006623152792
-0.827567022402976
-0.830257256849474
-0.826721509454536
-0.824191754098278
-0.871154781606017
-0.874993825154241
-0.865946354706388
-0.872060488211467
-0.882276616853666
-0.893387338263677
-0.835178380563411
-0.884899828879538
-0.945243687920493
-0.912093627279364
-0.865981899394490
-0.890557300156928
-0.832753435753813
-0.835211050359069
-0.831728238947000
-0.828504849721559
-0.871003414900864
-0.885356487865151
-0.886310367993254
-0.881151171865349
-0.878050215177247
-0.873112852803301
-0.874379333810822
-0.813923481794230
-0.895066853090552
-0.929701282035909
-0.894529778723469
-0.869894458399454
-0.856044549447741
-0.858084607389978
-0.859765714639328
-0.859337191566856
-0.930406392092247
-0.920641524608564
-0.913730152729640
-0.883548170131430
-0.907037963603937
-0.921863637944198
-0.928834055917584
-0.887761113665588
-0.951377044601679
-0.981838513528380
-0.927064172646020
-0.910053269760457
-0.938587331276121
-0.932392598224106
-0.908039253885863
-0.899457755021530
-0.910785951034503
-0.914976777061366
-0.951407608861179
-0.908569947502575
-0.950119618540675
-0.926851954767754
-0.889649931057171
-0.938349790092382
-0.976751919233536
-0.939186211490532
-0.930946906609174
-0.900202061849564
-0.850582150026910
-0.862308953408152
-0.847647743812155
-0.847219828095264
-0.903030072873702
-0.924401897188626
-0.930344304432702
-0.825498144843074
-0.920698460012456
-0.937148692389958
-0.927120223057347
-0.894941823418002
-0.994873986479910
-0.952461029346648
-0.945155772717348
-0.891382797883740
-0.891683042020011
-0.884079996452906
-0.888339103945955
-0.885532152491315
-0.935114675399582
-0.935648403357066
-0.917935990114172
-0.887633263156038
-0.921500112192212
-0.927057927878866
-0.890309203448411
-0.925794195685926
-0.974638992072695
-0.958634286185475
-0.894610795061376
-0.923916529001181
-0.838068251587944
-0.836210265063822
-0.840677446758604
-0.844447495247604
-0.824442964616329
-0.839202571017974
-0.754026128155620
-0.830751775390397
-0.811163581248242
-0.807223893100783
-0.808873035565315
-0.783422660294206
-0.837025425057672
-0.825069354034878
-0.812536562433131
-0.782809234755292
0.899490542054366
0.875460997439335
0.861845953390649
0.783295183544796
-0.834161126852266
-0.854772617199630
-0.825707035541323
-0.840739386854494
-0.793852621998006
-0.805209317213567
-0.795093975752320
-0.789495447652008
-0.841912518674230
-0.828662630031268
-0.771155687278815
-0.823709976755435
-0.107645492235563
-0.134588503978907
-0.0584434205432550
-0.0570503982138721
-0.832841137693079
-0.834003056605598
-0.774057056685044
-0.816864474406011
-0.813794876898156
-0.800019820839762
-0.779825781679650
-0.813060112701207
-0.888692862977341
-0.812794501894712
-0.796653673416103
-0.781817315244413
0.524520364725305
0.618802317755409
0.646715872531109
0.645382995593949
-0.806680465623717
-0.817108894544728
-0.771296941109750
-0.799547269274108
-0.804869755552983
-0.806674976507105
-0.785495214597376
-0.808572284309340
-0.823786206321898
-0.843420678277555
-0.769561368839914
-0.832854399672679
-0.195718436491333
-0.155831164754902
-0.192779523251646
-0.157251323797207
-0.816671069809881
-0.822053762907339
-0.811187581173799
-0.835900758122492
-0.810886258593128
-0.814367089821921
-0.808798535702446
-0.812115348408852
-0.816542434466807
-0.908201723301095
-0.801125947482972
-0.817738168782652
-0.619709375975036
-0.635850590808452
-0.619148439294014
-0.647312309118732
-0.831504368869823
-0.811110227929220
-0.755786171120572
-0.816114765541552
-0.817596075921599
-0.808455540031756
-0.790046900449754
-0.792348077605620
-0.842906119666546
-0.851053879738912
-0.818194964102920
-0.789400126588321
-0.689527471229009
-0.689777017352339
-0.676487944871005
-0.684972550119666
-0.727533977696230
-0.812804312903323
-0.804791990011235
-0.805165596028934
-0.801027710698189
-0.817062957608959
-0.765973132228796
-0.812121702162091
-0.909111349961275
-0.834172894269886
-0.808234992253637
-0.858507879440160
-0.627443672387710
-0.580443804981380
-0.592228399043851
-0.587094374261393
-0.748888642535232
-0.805061735462525
-0.820156092919909
-0.794776207287868
-0.814893422528427
-0.791181828078158
-0.788507793490742
-0.786484666123838
-0.847347121285961
-0.853040652509996
-0.784878491449744
-0.809002559940993
-0.762813887923824
-0.778285679501718
-0.759194675725296
-0.762161999781945
-0.841170603631368
-0.854472887849859
-0.831633269061048
-0.860633890785340
-0.845073695315000
-0.835597610827971
-0.842386201160800
-0.826306389856753
-0.855093656066914
-0.895502709651009
-0.830111775923234
-0.856088993871411
-0.782783700337791
-0.785024143573156
-0.772164019018115
-0.775346689054327
-0.850613697398994
-0.857506019254480
-0.820621152185317
-0.852537451091632
-0.826241824695137
-0.833835752455254
-0.771027610125923
-0.839022174796139
-0.873440844421141
-0.864843371018271
-0.834439663111117
-0.803672756658381
-0.813823000460897
-0.813119660576973
-0.810495691627043
-0.812182310525878
-0.867244412865521
-0.861960703075708
-0.837425879555304
-0.867283649569435
-0.847720586162386
-0.852339320949734
-0.853860293725390
-0.812178609412639
-0.950900265552726
-0.852499963973886
-0.825632275497278
-0.847093621724869
-0.789100708348514
-0.777196235306351
-0.792404197529692
-0.779864709005601
-0.837192071617562
-0.841501516060755
-0.836295137104704
-0.829209368414317
-0.848208192803383
-0.837911845190064
-0.841306733985561
-0.824610271868783
-0.885239591320628
-0.873548598451658
-0.845613402465851
-0.815701732839206
-0.832161721509384
-0.816760304695892
-0.812163839350072
-0.814582548762027
-0.829039323197067
-0.887359925547705
-0.927251589856474
-0.903792369427310
-0.855154072545182
-0.883448485483819
-0.876526574211833
-0.890475872833317
-0.895612238023082
-0.960382787464202
-0.856820874028530
-0.919721133769743
-0.784399975545000
-0.791413276672108
-0.784642629667864
-0.798222644420906
-0.876569916596669
-0.867782221634135
-0.832003971054521
-0.872385398790634
-0.869157075611126
-0.897250245961172
-0.842588534621711
-0.863136560394981
-0.920275455321864
-0.918342673647307
-0.855028278196064
-0.896930987153484
-0.852591760356241
-0.856921809679638
-0.851563095176266
-0.845092091877709
-0.919129695638384
-0.871676679545424
-0.890071954363081
-0.893441506909266
-0.899982653896299
-0.891851863481082
-0.897332527381443
-0.859514241160955
-0.953128807073697
-0.877957288622845
-0.861259316745446
-0.879198952044804
-0.811724738453926
-0.798511949863978
-0.800410075048037
-0.804673553289429
-0.917957682586362
-0.903556114814975
-0.839929605423461
-0.892969440370864
-0.905466578870206
-0.886583988545085
-0.885178607094951
-0.844670125891569
-0.912571174955498
-0.903758027174594
-0.888407590361750
-0.909816960891222
-0.829410837979805
-0.834034561432217
-0.827925520846264
-0.836491220011977
-0.911063170454533
-0.915377900733904
-0.906422895084381
-0.902287677361636
-0.894705747731755
-0.945338360243130
-0.916957405297034
-0.904982931453876
-0.917089904753460
-0.988039103234503
-0.915858249301930
-0.901776452585634
-0.656712517392380
-0.667527354629894
-0.671487972395325
-0.661822280538331
-0.923570451747218
-0.921533558987098
-0.907525601791161
-0.854850503351947
-0.923395555574643
-0.938750413636133
-0.925360940762214
-0.897820991151934
-0.938176037939617
-0.949554559513151
-0.899748290321568
-0.926114757547006
-0.902742458954210
-0.897279242324934
-0.908202920738491
-0.895406255438040
-0.941489551330251
-0.892786770578294
-0.906365838029067
-0.884750136039678
-0.927663629344969
-0.897393251140782
-0.935590881729260
-0.920685944883735
-1
-0.932989191900243
-0.887654239867876
-0.933374845728147
-0.724091284082880
-0.717875415043567
-0.719144130521881
-0.736398188340553
-0.914627762089841
-0.895758694583297
-0.916142117064760
-0.893751338654542
-0.940394024996482
-0.928127015822305
-0.921510318594247
-0.916246318962067
-0.941751376354542
-0.936193445484909
-0.933352031381710
-0.923178121808347
-0.888353635107863
-0.887570171138917
-0.884864765892628
-0.893019664039343
-0.822586563848274
-0.825505580954971
-0.822915329992581
-0.811430603609462
-0.831635520689110
-0.813362823127390
-0.822905420881415
-0.763734071054407
-0.834099057747209
-0.892892301250406
-0.852020849542089
-0.787082905929671
0.859446024472538
1
0.971013290191189
0.978770016037969
-0.843943179234952
-0.829530701382065
-0.752917928454129
-0.843152931886299
-0.804222649107767
-0.810101233072155
-0.817675643001671
-0.772962034195522
-0.836134144496840
-0.856428589340279
-0.814409627255686
-0.820560508989590
0.388522780391831
0.429997681792021
0.340489874527034
0.432462569243736
-0.833008316030710
-0.831210240688902
-0.835174913179117
-0.826032699514173
-0.799633343903954
-0.824787907660236
-0.737707407103269
-0.819589809306508
-0.892528520239836
-0.825604873267450
-0.817552975047153
-0.802547244556539
0.373059296372717
0.324337006572692
0.296117980824823
0.423508966071134
-0.796599570414577
-0.801030098029250
-0.780598465669242
-0.821480571404602
-0.811966528044789
-0.813687747495762
-0.778688022684328
-0.782454469410281
-0.803423099407720
-0.832514803219626
-0.863120229158963
-0.775271431403489
0.0854978365658419
0.0108200869885791
0.0796292963483618
0.00901859513282610
-0.826637951688331
-0.822506176963937
-0.814753628880550
-0.798544354080275
-0.813146823778848
-0.829096334419715
-0.763995035236003
-0.814285736688313
-0.836059235931288
-0.874805769456515
-0.796707010904601
-0.820009843339858
-0.641393075026881
-0.661625638756534
-0.647978989199329
-0.654629016903984
-0.805842291784137
-0.805392718548265
-0.766885168525933
-0.802384567001693
-0.794067881154151
-0.830558373698383
-0.805638862593494
-0.743976375872427
-0.819466051435348
-0.849666365870923
-0.818359233440197
-0.767265753111319
-0.691783419979502
-0.705293981220243
-0.694882698337696
-0.697491113372278
-0.817296198380958
-0.815373953855859
-0.808323378548516
-0.773140286417039
-0.828252081893098
-0.805717537475000
-0.802985676409693
-0.796146168178768
-0.874277410738503
-0.839080963660288
-0.839202525357477
-0.796364175798533
-0.679171714329394
-0.661288238218882
-0.670719981954754
-0.666793793504478
-0.813049942303229
-0.806606485996977
-0.802394566190350
-0.760825471790467
-0.763265041191323
-0.814056264528749
-0.778661586830497
-0.775359628667396
-0.850533461877861
-0.857442109462309
-0.786501318878535
-0.814859184671130
-0.683887065932133
-0.675512823362907
-0.687782899034893
-0.682830040424137
-0.871606013174459
-0.869899235127108
-0.858317050768459
-0.838136484991758
-0.842191212461881
-0.840591832498875
-0.840339719983593
-0.841750874356816
-0.855596570582971
-0.899626312220450
-0.857441079435326
-0.818683013455677
-0.812387647535166
-0.817641633117533
-0.808443538964918
-0.824266520087877
-0.852785279057096
-0.841858613834160
-0.837805743744980
-0.840399093608068
-0.822048597681104
-0.828090556223618
-0.846964996507957
-0.784120269177475
-0.870284240999598
-0.889449502411841
-0.853387116146305
-0.851686420576844
-0.812059460296626
-0.823801820194526
-0.812914708658143
-0.811256116696684
-0.842318881166870
-0.844507087492037
-0.837647136946168
-0.841013056992545
-0.831626621151018
-0.829412406619833
-0.780407497547955
-0.828982364606889
-0.898105580162319
-0.859350554244116
-0.857890646548375
-0.838937123960201
-0.771955758017861
-0.779034494047519
-0.783992104808585
-0.789878187305641
-0.848799714803604
-0.836904731500995
-0.846185544384672
-0.809373371689683
-0.831982800169140
-0.834675013417443
-0.810007209146579
-0.779102821005127
-0.861685136750250
-0.891234627451200
-0.845607240751914
-0.839664767228190
-0.831110432533762
-0.835981404428248
-0.829925820843876
-0.827320110350821
-0.879971854313735
-0.890337477960287
-0.864330000732199
-0.868124494963780
-0.866943214018102
-0.877803884998441
-0.876836345455785
-0.882750370835955
-0.914727368201319
-0.931389105018618
-0.905903025523177
-0.843700743813742
-0.777307104251054
-0.782412826112922
-0.767408613667368
-0.763117607091846
-0.872944121960010
-0.916915951196602
-0.893641417209431
-0.897303857216601
-0.862941279031561
-0.875232925395850
-0.875759392807266
-0.855026710721143
-0.885593999744526
-0.897964405821667
-0.812366453081575
-0.878149256899982
-0.838809939007044
-0.838566826129212
-0.851143536944000
-0.835159765955256
-0.886920961769134
-0.892877585273582
-0.873877216628658
-0.908299389810018
-0.879300314767362
-0.884024900658537
-0.883631736859608
-0.855309422429691
-0.942163384826330
-0.908396132540118
-0.850721053498446
-0.912032309540407
-0.808117611319654
-0.805793086682873
-0.807213788119556
-0.811743661721738
-0.876653343446722
-0.868940211137576
-0.843467641866413
-0.863056039342283
-0.881957314454515
-0.890138808407952
-0.839800612611290
-0.870688937439192
-0.923608049671043
-0.918242762352162
-0.866494166724298
-0.881635894866937
-0.869014448980687
-0.875491657586237
-0.863473832592728
-0.858401640217746
-0.875072884934132
-0.890529958724239
-0.898697664090633
-0.899522080797748
-0.899901614114988
-0.929480724850844
-0.925038643841770
-0.935164610475745
-0.935418831144823
-0.986855496025964
-0.899916258443440
-0.937568029316657
-0.894127537708621
-0.894694045524019
-0.910015604387998
-0.893342846482478
-0.926683882169850
-0.892457002998929
-0.909889079012399
-0.920984517367926
-0.907080191909491
-0.927004878760442
-0.922084019477201
-0.926375072852635
-0.947482319391839
-0.956855758116917
-0.918040506172344
-0.893095327597100
-0.869126344994353
-0.869645594345268
-0.867704082773265
-0.863278562067786
-0.934159046772015
-0.930248299069450
-0.911788148401656
-0.926029258364704
-0.925896345392964
-0.931794989730481
-0.923469278044235
-0.912886932329746
-0.972031853921564
-0.941910547921518
-0.897149070622030
-0.946292321360016
-0.907127902662888
-0.893719933364590
-0.883691374660807
-0.891771137038320
-0.946097529272893
-0.947314301305798
-0.888750974234535
-0.934561637450886
-0.921455321773676
-0.916087782144893
-0.899500566661411
-0.937486291901891
-0.960014592854654
-0.941725122813715
-0.939478741412996
-0.899946082147659
-0.892964063688834
-0.865856941618473
-0.865321442726520
-0.866588667475436