0.004896922680445739
-0.07438436539062712
0.0807097574529072
0.03522185200034174
-0.32817941650861676
0.4174668190118697
-0.10020459657576591
0.0835840047073247
0.09952981540264523
-0.05214512620320964
0.038260210917444776
-0.17448313952500688
-0.4638971548341035
-0.23631007204189855
-0.4799173563071157
-0.4829439552926962
0.0961636729814639
-0.3875622119048413
0.045994252923301046
-0.08712463365548428
-0.2192585256746116
-0.3880404757707857
-0.291385792991643
-0.40601656953176146
0.3804622587450478
0.05680111965479234
0.13306257479887654
0.06385900701275596
0.028129784059652385
0.0275161037171809
0.20479089808439968
-0.11148221373293196
-0.1294872240626421
-0.10618569173045812
-0.08138210389236185
-0.3197482119564676
-0.20173766161673473
-0.07222096315129811
0.32692801248534786
0.07346282597805914
